DATA: 4615 x 21
Feature 0
-0.303056	rho[0][11]
0.289159	rho[0][12]
0.280691	rho[0][10]
0.275517	rho[0][16]
-0.272231	rho[0][3]
0.259976	rho[0][18]
-0.255034	rho[0][17]
-0.253802	rho[0][15]
0.253312	rho[0][2]
-0.245035	rho[0][13]
0.230533	rho[0][14]
-0.223755	rho[0][9]
-0.210853	rho[0][1]
0.180898	rho[0][4]
-0.164804	rho[0][5]
-0.16185	rho[0][19]
0.137137	rho[0][6]
0.134036	rho[0][8]
0.103959	rho[0][20]
-0.00968088	rho[0][7]

Feature 1
-0.835466	rho[1][2]
0.801032	rho[1][3]
-0.608509	rho[1][4]
0.538218	rho[1][11]
0.529341	rho[1][5]
0.496368	rho[1][13]
0.426211	rho[1][17]
-0.404174	rho[1][12]
-0.375588	rho[1][18]
0.366886	rho[1][15]
0.345216	rho[1][19]
-0.32105	rho[1][16]
-0.293745	rho[1][14]
0.287745	rho[1][9]
-0.229704	rho[1][10]
-0.210853	rho[1][0]
0.160991	rho[1][7]
-0.133725	rho[1][6]
-0.08598	rho[1][20]
0.0119139	rho[1][8]

Feature 2
-0.873681	rho[2][3]
-0.835466	rho[2][1]
0.816617	rho[2][4]
-0.630066	rho[2][5]
0.497976	rho[2][12]
-0.494948	rho[2][13]
-0.457325	rho[2][11]
-0.39449	rho[2][17]
0.365461	rho[2][14]
0.36423	rho[2][18]
0.352711	rho[2][16]
-0.34365	rho[2][15]
-0.29603	rho[2][19]
0.270024	rho[2][6]
0.253312	rho[2][0]
0.206223	rho[2][10]
-0.158523	rho[2][9]
-0.147916	rho[2][7]
0.0151884	rho[2][20]
-0.0141022	rho[2][8]

Feature 3
-0.876526	rho[3][4]
-0.873681	rho[3][2]
0.801032	rho[3][1]
0.78865	rho[3][5]
0.575526	rho[3][13]
0.50218	rho[3][11]
-0.496284	rho[3][12]
-0.421164	rho[3][6]
0.412519	rho[3][15]
0.398677	rho[3][17]
-0.397626	rho[3][14]
-0.341237	rho[3][16]
-0.325647	rho[3][18]
-0.272231	rho[3][0]
0.24685	rho[3][7]
0.243907	rho[3][19]
-0.162675	rho[3][10]
0.150691	rho[3][9]
-0.118773	rho[3][20]
0.00381077	rho[3][8]

Feature 4
-0.893368	rho[4][5]
-0.876526	rho[4][3]
0.816617	rho[4][2]
0.62416	rho[4][6]
-0.608509	rho[4][1]
-0.501069	rho[4][13]
0.478539	rho[4][12]
0.430144	rho[4][14]
-0.375198	rho[4][7]
-0.356863	rho[4][15]
-0.355162	rho[4][11]
0.307857	rho[4][16]
-0.277945	rho[4][17]
0.192185	rho[4][18]
0.180898	rho[4][0]
-0.13888	rho[4][19]
0.121064	rho[4][10]
0.105065	rho[4][8]
-0.0832324	rho[4][9]
0.0244105	rho[4][20]

Feature 5
-0.893368	rho[5][4]
-0.801768	rho[5][6]
0.78865	rho[5][3]
-0.630066	rho[5][2]
0.605524	rho[5][7]
0.529341	rho[5][1]
0.498391	rho[5][13]
-0.408307	rho[5][14]
0.404353	rho[5][15]
-0.381891	rho[5][12]
0.330509	rho[5][11]
-0.276975	rho[5][16]
-0.276446	rho[5][8]
0.229068	rho[5][17]
0.199317	rho[5][9]
-0.164804	rho[5][0]
-0.128628	rho[5][18]
-0.114614	rho[5][10]
0.0718102	rho[5][19]
-0.0188371	rho[5][20]

Feature 6
-0.81924	rho[6][7]
-0.801768	rho[6][5]
0.62416	rho[6][4]
0.595211	rho[6][8]
-0.421164	rho[6][3]
0.337518	rho[6][14]
-0.304357	rho[6][9]
-0.293046	rho[6][13]
-0.271634	rho[6][15]
0.270024	rho[6][2]
0.238543	rho[6][12]
0.18581	rho[6][16]
0.170846	rho[6][10]
-0.152167	rho[6][11]
0.137137	rho[6][0]
-0.133725	rho[6][1]
-0.071131	rho[6][17]
0.0653829	rho[6][19]
-0.0471973	rho[6][20]
-0.00384028	rho[6][18]

Feature 7
-0.81924	rho[7][6]
-0.802548	rho[7][8]
0.605524	rho[7][5]
0.592064	rho[7][9]
-0.375198	rho[7][4]
-0.323013	rho[7][10]
0.24685	rho[7][3]
0.239438	rho[7][11]
0.229866	rho[7][13]
0.188933	rho[7][15]
-0.18203	rho[7][14]
0.160991	rho[7][1]
-0.152448	rho[7][12]
-0.147916	rho[7][2]
-0.0985711	rho[7][16]
0.0656238	rho[7][20]
0.059936	rho[7][17]
-0.0407356	rho[7][19]
0.0214864	rho[7][18]
-0.00968088	rho[7][0]

Feature 8
-0.802548	rho[8][7]
-0.787723	rho[8][9]
0.616424	rho[8][10]
0.595211	rho[8][6]
-0.283231	rho[8][11]
-0.276446	rho[8][5]
0.171064	rho[8][12]
0.134036	rho[8][0]
0.105065	rho[8][4]
0.0783727	rho[8][14]
-0.071878	rho[8][13]
0.0575355	rho[8][16]
-0.0547212	rho[8][15]
-0.0218621	rho[8][20]
-0.0141022	rho[8][2]
0.01205	rho[8][19]
0.0119139	rho[8][1]
0.00698776	rho[8][18]
0.00381077	rho[8][3]
0.000670295	rho[8][17]

Feature 9
-0.837342	rho[9][10]
-0.787723	rho[9][8]
0.650199	rho[9][11]
0.592064	rho[9][7]
-0.335893	rho[9][12]
-0.304357	rho[9][6]
0.287745	rho[9][1]
0.230039	rho[9][13]
-0.223755	rho[9][0]
0.199317	rho[9][5]
0.165762	rho[9][17]
0.159132	rho[9][19]
-0.158523	rho[9][2]
-0.152796	rho[9][18]
0.150691	rho[9][3]
0.14254	rho[9][15]
-0.121382	rho[9][16]
-0.0902578	rho[9][14]
-0.0832324	rho[9][4]
-0.0308855	rho[9][20]

Feature 10
-0.837342	rho[10][9]
-0.779416	rho[10][11]
0.616424	rho[10][8]
0.583422	rho[10][12]
-0.323013	rho[10][7]
-0.317653	rho[10][13]
0.280691	rho[10][0]
-0.229704	rho[10][1]
0.206223	rho[10][2]
0.196249	rho[10][18]
0.182829	rho[10][14]
0.170846	rho[10][6]
-0.165072	rho[10][19]
-0.163652	rho[10][17]
-0.162675	rho[10][3]
0.15802	rho[10][16]
-0.131251	rho[10][15]
0.121064	rho[10][4]
-0.114614	rho[10][5]
0.0827606	rho[10][20]

Feature 11
-0.803393	rho[11][12]
-0.779416	rho[11][10]
0.681013	rho[11][13]
0.650199	rho[11][9]
0.538218	rho[11][1]
0.50218	rho[11][3]
-0.457325	rho[11][2]
-0.388121	rho[11][14]
-0.355162	rho[11][4]
0.354745	rho[11][15]
0.331557	rho[11][17]
0.330509	rho[11][5]
-0.303056	rho[11][0]
-0.283231	rho[11][8]
-0.282295	rho[11][18]
-0.270892	rho[11][16]
0.239438	rho[11][7]
0.239116	rho[11][19]
-0.152167	rho[11][6]
-0.104741	rho[11][20]

Feature 12
-0.829674	rho[12][13]
-0.803393	rho[12][11]
0.67367	rho[12][14]
0.583422	rho[12][10]
0.497976	rho[12][2]
-0.496284	rho[12][3]
0.478539	rho[12][4]
-0.469581	rho[12][15]
-0.404174	rho[12][1]
0.391469	rho[12][16]
-0.381891	rho[12][5]
-0.335893	rho[12][9]
-0.321553	rho[12][17]
0.289159	rho[12][0]
0.283128	rho[12][18]
0.238543	rho[12][6]
-0.189792	rho[12][19]
0.171064	rho[12][8]
-0.152448	rho[12][7]
0.0953745	rho[12][20]

Feature 13
-0.829674	rho[13][12]
-0.824808	rho[13][14]
0.727345	rho[13][15]
0.681013	rho[13][11]
0.575526	rho[13][3]
-0.521908	rho[13][16]
-0.501069	rho[13][4]
0.498391	rho[13][5]
0.496368	rho[13][1]
-0.494948	rho[13][2]
0.443829	rho[13][17]
-0.317653	rho[13][10]
-0.309735	rho[13][18]
-0.293046	rho[13][6]
-0.245035	rho[13][0]
0.230039	rho[13][9]
0.229866	rho[13][7]
0.221475	rho[13][19]
-0.0749738	rho[13][20]
-0.071878	rho[13][8]

Feature 14
-0.843286	rho[14][15]
-0.824808	rho[14][13]
0.722485	rho[14][16]
0.67367	rho[14][12]
-0.487976	rho[14][17]
0.430144	rho[14][4]
-0.408307	rho[14][5]
-0.397626	rho[14][3]
-0.388121	rho[14][11]
0.365461	rho[14][2]
0.352842	rho[14][18]
0.337518	rho[14][6]
-0.293745	rho[14][1]
0.230533	rho[14][0]
-0.209549	rho[14][19]
0.182829	rho[14][10]
-0.18203	rho[14][7]
0.0974829	rho[14][20]
-0.0902578	rho[14][9]
0.0783727	rho[14][8]

Feature 15
-0.849322	rho[15][16]
-0.843286	rho[15][14]
0.727345	rho[15][13]
0.710154	rho[15][17]
-0.491691	rho[15][18]
-0.469581	rho[15][12]
0.412519	rho[15][3]
0.404353	rho[15][5]
0.366886	rho[15][1]
-0.356863	rho[15][4]
0.354745	rho[15][11]
0.350236	rho[15][19]
-0.34365	rho[15][2]
-0.271634	rho[15][6]
-0.253802	rho[15][0]
0.188933	rho[15][7]
-0.149123	rho[15][20]
0.14254	rho[15][9]
-0.131251	rho[15][10]
-0.0547212	rho[15][8]

Feature 16
-0.849322	rho[16][15]
-0.835896	rho[16][17]
0.722485	rho[16][14]
0.713293	rho[16][18]
-0.521908	rho[16][13]
-0.490486	rho[16][19]
0.391469	rho[16][12]
0.352711	rho[16][2]
-0.341237	rho[16][3]
-0.32105	rho[16][1]
0.307857	rho[16][4]
-0.276975	rho[16][5]
0.275517	rho[16][0]
-0.270892	rho[16][11]
0.24165	rho[16][20]
0.18581	rho[16][6]
0.15802	rho[16][10]
-0.121382	rho[16][9]
-0.0985711	rho[16][7]
0.0575355	rho[16][8]

Feature 17
-0.838742	rho[17][18]
-0.835896	rho[17][16]
0.711413	rho[17][19]
0.710154	rho[17][15]
-0.487976	rho[17][14]
0.443829	rho[17][13]
0.426211	rho[17][1]
0.398677	rho[17][3]
-0.39449	rho[17][2]
-0.333549	rho[17][20]
0.331557	rho[17][11]
-0.321553	rho[17][12]
-0.277945	rho[17][4]
-0.255034	rho[17][0]
0.229068	rho[17][5]
0.165762	rho[17][9]
-0.163652	rho[17][10]
-0.071131	rho[17][6]
0.059936	rho[17][7]
0.000670295	rho[17][8]

Feature 18
-0.838742	rho[18][17]
-0.796625	rho[18][19]
0.713293	rho[18][16]
0.521329	rho[18][20]
-0.491691	rho[18][15]
-0.375588	rho[18][1]
0.36423	rho[18][2]
0.352842	rho[18][14]
-0.325647	rho[18][3]
-0.309735	rho[18][13]
0.283128	rho[18][12]
-0.282295	rho[18][11]
0.259976	rho[18][0]
0.196249	rho[18][10]
0.192185	rho[18][4]
-0.152796	rho[18][9]
-0.128628	rho[18][5]
0.0214864	rho[18][7]
0.00698776	rho[18][8]
-0.00384028	rho[18][6]

Feature 19
-0.796625	rho[19][18]
0.711413	rho[19][17]
-0.55283	rho[19][20]
-0.490486	rho[19][16]
0.350236	rho[19][15]
0.345216	rho[19][1]
-0.29603	rho[19][2]
0.243907	rho[19][3]
0.239116	rho[19][11]
0.221475	rho[19][13]
-0.209549	rho[19][14]
-0.189792	rho[19][12]
-0.165072	rho[19][10]
-0.16185	rho[19][0]
0.159132	rho[19][9]
-0.13888	rho[19][4]
0.0718102	rho[19][5]
0.0653829	rho[19][6]
-0.0407356	rho[19][7]
0.01205	rho[19][8]

Feature 20
-0.55283	rho[20][19]
0.521329	rho[20][18]
-0.333549	rho[20][17]
0.24165	rho[20][16]
-0.149123	rho[20][15]
-0.118773	rho[20][3]
-0.104741	rho[20][11]
0.103959	rho[20][0]
0.0974829	rho[20][14]
0.0953745	rho[20][12]
-0.08598	rho[20][1]
0.0827606	rho[20][10]
-0.0749738	rho[20][13]
0.0656238	rho[20][7]
-0.0471973	rho[20][6]
-0.0308855	rho[20][9]
0.0244105	rho[20][4]
-0.0218621	rho[20][8]
-0.0188371	rho[20][5]
0.0151884	rho[20][2]

