DATA: 4615 x 26
Feature 0
-0.536829	rho[0][8]
-0.343104	rho[0][5]
0.278575	rho[0][1]
-0.259329	rho[0][7]
0.248046	rho[0][15]
-0.208132	rho[0][9]
0.15186	rho[0][25]
0.146831	rho[0][3]
-0.146134	rho[0][10]
0.140364	rho[0][16]
0.127797	rho[0][24]
0.107005	rho[0][18]
0.0916942	rho[0][19]
-0.0634655	rho[0][6]
-0.0584157	rho[0][4]
0.046715	rho[0][20]
-0.0463342	rho[0][11]
-0.0438406	rho[0][17]
-0.0267672	rho[0][13]
-0.0228926	rho[0][14]
0.0147702	rho[0][22]
-0.0137588	rho[0][23]
0.0115313	rho[0][12]
-0.0103369	rho[0][2]
0.00454764	rho[0][21]

Feature 1
-0.419098	rho[1][9]
-0.409525	rho[1][5]
0.351851	rho[1][6]
-0.343357	rho[1][22]
0.278575	rho[1][0]
-0.222034	rho[1][8]
-0.181701	rho[1][21]
0.171122	rho[1][25]
-0.165023	rho[1][23]
-0.152529	rho[1][15]
0.148527	rho[1][3]
-0.143836	rho[1][17]
0.129789	rho[1][7]
-0.118772	rho[1][24]
0.108094	rho[1][10]
-0.106618	rho[1][13]
-0.10579	rho[1][19]
-0.0960203	rho[1][20]
-0.0698557	rho[1][16]
-0.0584993	rho[1][12]
-0.0575354	rho[1][11]
0.037127	rho[1][2]
-0.0187892	rho[1][4]
-0.0151814	rho[1][14]
0.0134859	rho[1][18]

Feature 2
-0.231672	rho[2][23]
-0.217106	rho[2][25]
-0.209273	rho[2][10]
-0.177441	rho[2][13]
-0.171066	rho[2][12]
0.156953	rho[2][3]
-0.140596	rho[2][22]
0.135367	rho[2][7]
-0.121125	rho[2][14]
-0.110807	rho[2][16]
0.107676	rho[2][17]
-0.106205	rho[2][11]
0.0974648	rho[2][19]
-0.0868834	rho[2][24]
0.0806964	rho[2][5]
-0.0618803	rho[2][21]
0.0598041	rho[2][6]
-0.052445	rho[2][18]
-0.0428865	rho[2][9]
-0.0397003	rho[2][8]
0.037127	rho[2][1]
0.020414	rho[2][20]
0.016421	rho[2][15]
-0.0103369	rho[2][0]
-0.00601727	rho[2][4]

Feature 3
0.444089	rho[3][4]
-0.384492	rho[3][13]
-0.349353	rho[3][11]
-0.345311	rho[3][12]
-0.294138	rho[3][24]
-0.239984	rho[3][15]
-0.23502	rho[3][10]
-0.214794	rho[3][23]
-0.210761	rho[3][22]
-0.193281	rho[3][14]
0.165578	rho[3][18]
-0.162104	rho[3][9]
0.156953	rho[3][2]
0.148527	rho[3][1]
0.146831	rho[3][0]
-0.14347	rho[3][25]
-0.139743	rho[3][21]
0.125221	rho[3][6]
0.0870012	rho[3][20]
-0.0812589	rho[3][16]
-0.0664179	rho[3][17]
0.0610687	rho[3][7]
-0.0398219	rho[3][5]
0.00639682	rho[3][19]
-0.0056771	rho[3][8]

Feature 4
0.444089	rho[4][3]
-0.336774	rho[4][12]
-0.289418	rho[4][25]
-0.236442	rho[4][14]
-0.229395	rho[4][13]
-0.226933	rho[4][23]
-0.190986	rho[4][11]
-0.155234	rho[4][24]
-0.154014	rho[4][16]
-0.137837	rho[4][10]
0.129059	rho[4][5]
-0.116828	rho[4][22]
-0.0977316	rho[4][21]
-0.0896374	rho[4][20]
0.0814702	rho[4][9]
-0.0705305	rho[4][15]
-0.068946	rho[4][7]
-0.0584157	rho[4][0]
-0.052994	rho[4][6]
0.0444997	rho[4][17]
0.0263443	rho[4][19]
0.0262765	rho[4][18]
-0.0187892	rho[4][1]
-0.00656156	rho[4][8]
-0.00601727	rho[4][2]

Feature 5
-0.409525	rho[5][1]
-0.343104	rho[5][0]
0.195726	rho[5][8]
-0.191279	rho[5][25]
0.171015	rho[5][23]
0.156269	rho[5][9]
0.14966	rho[5][22]
-0.137668	rho[5][7]
-0.132054	rho[5][6]
0.129059	rho[5][4]
-0.100934	rho[5][18]
0.0980758	rho[5][16]
-0.092885	rho[5][19]
0.0806964	rho[5][2]
0.0754094	rho[5][20]
-0.0667127	rho[5][24]
-0.0621809	rho[5][21]
-0.0398219	rho[5][3]
-0.0321399	rho[5][13]
0.0271802	rho[5][12]
0.0217589	rho[5][17]
-0.0185216	rho[5][11]
0.0126418	rho[5][14]
-0.0121419	rho[5][15]
0.0102966	rho[5][10]

Feature 6
0.351851	rho[6][1]
-0.250473	rho[6][9]
-0.225342	rho[6][14]
-0.224607	rho[6][16]
-0.214076	rho[6][22]
-0.194629	rho[6][20]
0.166706	rho[6][7]
-0.132054	rho[6][5]
0.125221	rho[6][3]
-0.120186	rho[6][8]
-0.110396	rho[6][17]
-0.108084	rho[6][23]
-0.0928682	rho[6][15]
-0.0787966	rho[6][21]
-0.0679822	rho[6][18]
-0.0634655	rho[6][0]
-0.0620917	rho[6][10]
0.0598041	rho[6][2]
-0.052994	rho[6][4]
-0.0395535	rho[6][13]
-0.0322634	rho[6][25]
0.0219008	rho[6][24]
0.014383	rho[6][11]
-0.011452	rho[6][19]
0.00390849	rho[6][12]

Feature 7
-0.327755	rho[7][15]
-0.313453	rho[7][9]
-0.259329	rho[7][0]
0.175378	rho[7][8]
-0.173277	rho[7][16]
0.166706	rho[7][6]
-0.164526	rho[7][17]
0.154635	rho[7][14]
-0.14443	rho[7][13]
-0.138082	rho[7][23]
-0.137668	rho[7][5]
0.135367	rho[7][2]
0.129789	rho[7][1]
-0.121665	rho[7][24]
0.119388	rho[7][25]
-0.118883	rho[7][21]
-0.100048	rho[7][19]
-0.0949896	rho[7][22]
-0.0928094	rho[7][12]
-0.0868451	rho[7][20]
-0.068946	rho[7][4]
-0.0685021	rho[7][11]
0.0610687	rho[7][3]
-0.0288403	rho[7][18]
-0.00787467	rho[7][10]

Feature 8
-0.536829	rho[8][0]
-0.251939	rho[8][16]
-0.222034	rho[8][1]
0.195726	rho[8][5]
-0.190312	rho[8][10]
0.175378	rho[8][7]
-0.15305	rho[8][19]
-0.144793	rho[8][18]
-0.120186	rho[8][6]
-0.101982	rho[8][15]
0.101792	rho[8][11]
0.100759	rho[8][9]
0.0928451	rho[8][14]
0.0864026	rho[8][23]
-0.0727729	rho[8][24]
0.0684675	rho[8][21]
-0.049468	rho[8][13]
-0.0397003	rho[8][2]
-0.0286034	rho[8][20]
-0.0210895	rho[8][12]
-0.0109621	rho[8][17]
-0.00656156	rho[8][4]
-0.0056771	rho[8][3]
-0.00462322	rho[8][25]
-0.00173398	rho[8][22]

Feature 9
-0.419098	rho[9][1]
-0.313453	rho[9][7]
-0.250473	rho[9][6]
-0.208132	rho[9][0]
0.179895	rho[9][12]
0.170173	rho[9][22]
-0.162104	rho[9][3]
0.156269	rho[9][5]
0.136116	rho[9][24]
-0.115211	rho[9][19]
-0.109943	rho[9][25]
0.100759	rho[9][8]
0.0916125	rho[9][15]
0.0873274	rho[9][10]
0.0837826	rho[9][13]
0.0814702	rho[9][4]
-0.0799043	rho[9][17]
0.0715584	rho[9][21]
-0.0627632	rho[9][14]
0.0529882	rho[9][16]
-0.0428865	rho[9][2]
-0.0302456	rho[9][18]
0.0298117	rho[9][23]
-0.0152744	rho[9][11]
-0.00596928	rho[9][20]

Feature 10
-0.23502	rho[10][3]
-0.209273	rho[10][2]
0.199732	rho[10][11]
-0.190312	rho[10][8]
-0.174883	rho[10][20]
-0.163178	rho[10][18]
0.155996	rho[10][13]
0.150122	rho[10][25]
-0.146134	rho[10][0]
-0.137837	rho[10][4]
-0.122251	rho[10][15]
-0.11	rho[10][21]
0.108094	rho[10][1]
0.0919776	rho[10][16]
0.087508	rho[10][23]
0.0873274	rho[10][9]
-0.0712295	rho[10][19]
-0.0620917	rho[10][6]
-0.0575674	rho[10][17]
-0.0471156	rho[10][22]
0.0397221	rho[10][12]
-0.0218253	rho[10][24]
0.0102966	rho[10][5]
-0.00787467	rho[10][7]
-0.0025473	rho[10][14]

Feature 11
-0.349353	rho[11][3]
-0.251901	rho[11][19]
0.245966	rho[11][24]
0.199732	rho[11][10]
-0.190986	rho[11][4]
0.189381	rho[11][12]
-0.118598	rho[11][20]
-0.106205	rho[11][2]
-0.10283	rho[11][16]
0.101792	rho[11][8]
0.100972	rho[11][25]
0.0955581	rho[11][23]
-0.0855146	rho[11][18]
-0.0806316	rho[11][21]
-0.0685021	rho[11][7]
-0.0575354	rho[11][1]
-0.0540135	rho[11][17]
-0.0463342	rho[11][0]
0.0462076	rho[11][22]
-0.0185216	rho[11][5]
-0.0152744	rho[11][9]
0.014383	rho[11][6]
0.00369702	rho[11][13]
-0.00096209	rho[11][14]
6.38633e-05	rho[11][15]

Feature 12
-0.345311	rho[12][3]
-0.336774	rho[12][4]
0.189381	rho[12][11]
-0.185052	rho[12][20]
0.179895	rho[12][9]
0.179664	rho[12][13]
0.178363	rho[12][25]
-0.171066	rho[12][2]
0.162958	rho[12][24]
0.162461	rho[12][23]
-0.0928094	rho[12][7]
-0.0917955	rho[12][17]
0.0810034	rho[12][21]
0.0782158	rho[12][15]
-0.0641146	rho[12][19]
-0.0603018	rho[12][18]
-0.0584993	rho[12][1]
-0.0514959	rho[12][14]
0.0397221	rho[12][10]
0.0271802	rho[12][5]
0.0231561	rho[12][22]
-0.0210895	rho[12][8]
0.0115313	rho[12][0]
0.00390849	rho[12][6]
0.00174625	rho[12][16]

Feature 13
-0.384492	rho[13][3]
-0.229395	rho[13][4]
0.212232	rho[13][22]
0.179664	rho[13][12]
-0.177441	rho[13][2]
0.167057	rho[13][16]
0.155996	rho[13][10]
-0.14443	rho[13][7]
-0.129882	rho[13][18]
-0.106618	rho[13][1]
0.0837826	rho[13][9]
0.0829581	rho[13][14]
-0.0669918	rho[13][21]
0.0660429	rho[13][24]
0.0523211	rho[13][20]
0.0522391	rho[13][25]
-0.049468	rho[13][8]
0.0396766	rho[13][15]
-0.0395535	rho[13][6]
-0.0321399	rho[13][5]
-0.0267672	rho[13][0]
0.0231472	rho[13][19]
-0.0231133	rho[13][17]
0.0182276	rho[13][23]
0.00369702	rho[13][11]

Feature 14
-0.236442	rho[14][4]
-0.225342	rho[14][6]
-0.193281	rho[14][3]
-0.170686	rho[14][24]
0.154635	rho[14][7]
-0.121125	rho[14][2]
-0.0929367	rho[14][22]
0.0928451	rho[14][8]
0.0829581	rho[14][13]
0.0786899	rho[14][25]
0.0784911	rho[14][23]
0.0676259	rho[14][21]
-0.0627632	rho[14][9]
-0.0514959	rho[14][12]
-0.0385817	rho[14][19]
-0.0383046	rho[14][17]
0.0324734	rho[14][20]
0.030125	rho[14][15]
-0.0228926	rho[14][0]
-0.0186016	rho[14][16]
-0.0177477	rho[14][18]
-0.0151814	rho[14][1]
0.0126418	rho[14][5]
-0.0025473	rho[14][10]
-0.00096209	rho[14][11]

Feature 15
-0.327755	rho[15][7]
0.248046	rho[15][0]
-0.239984	rho[15][3]
0.20883	rho[15][24]
-0.152529	rho[15][1]
-0.149418	rho[15][25]
0.132955	rho[15][22]
0.123921	rho[15][21]
-0.122251	rho[15][10]
-0.101982	rho[15][8]
0.101762	rho[15][19]
0.0944205	rho[15][16]
-0.0928682	rho[15][6]
0.0916125	rho[15][9]
-0.0789784	rho[15][23]
0.0782158	rho[15][12]
-0.0705305	rho[15][4]
0.0417052	rho[15][20]
0.0396766	rho[15][13]
0.031778	rho[15][18]
0.030125	rho[15][14]
0.016421	rho[15][2]
0.0132959	rho[15][17]
-0.0121419	rho[15][5]
6.38633e-05	rho[15][11]

Feature 16
-0.251939	rho[16][8]
-0.224607	rho[16][6]
0.188118	rho[16][22]
-0.173277	rho[16][7]
0.169963	rho[16][23]
0.167057	rho[16][13]
-0.154014	rho[16][4]
0.148668	rho[16][20]
-0.144242	rho[16][24]
0.140364	rho[16][0]
0.117575	rho[16][19]
-0.110807	rho[16][2]
-0.10283	rho[16][11]
0.0980758	rho[16][5]
0.0944205	rho[16][15]
-0.093888	rho[16][18]
0.0919776	rho[16][10]
-0.0812589	rho[16][3]
0.0787786	rho[16][17]
0.0747885	rho[16][25]
-0.0698557	rho[16][1]
0.0529882	rho[16][9]
0.0202893	rho[16][21]
-0.0186016	rho[16][14]
0.00174625	rho[16][12]

Feature 17
-0.294851	rho[17][25]
-0.164526	rho[17][7]
-0.143836	rho[17][1]
0.12873	rho[17][20]
-0.110396	rho[17][6]
0.107676	rho[17][2]
-0.0917955	rho[17][12]
0.0856605	rho[17][18]
-0.0799043	rho[17][9]
0.0787786	rho[17][16]
-0.0664179	rho[17][3]
-0.0575674	rho[17][10]
-0.0540135	rho[17][11]
0.0444997	rho[17][4]
-0.0438406	rho[17][0]
-0.0383046	rho[17][14]
-0.0250648	rho[17][22]
-0.0231133	rho[17][13]
0.0227768	rho[17][19]
0.0217589	rho[17][5]
0.0173895	rho[17][24]
0.0132959	rho[17][15]
-0.0109621	rho[17][8]
0.00511713	rho[17][21]
-0.00148987	rho[17][23]

Feature 18
0.165578	rho[18][3]
-0.163178	rho[18][10]
-0.144793	rho[18][8]
-0.129882	rho[18][13]
0.129638	rho[18][19]
-0.11912	rho[18][23]
-0.111744	rho[18][20]
0.107005	rho[18][0]
-0.100934	rho[18][5]
-0.093888	rho[18][16]
0.0856605	rho[18][17]
-0.0855146	rho[18][11]
-0.0679822	rho[18][6]
-0.0603018	rho[18][12]
-0.0556944	rho[18][22]
-0.052445	rho[18][2]
0.031778	rho[18][15]
-0.0302456	rho[18][9]
-0.0288403	rho[18][7]
0.0262765	rho[18][4]
-0.0177477	rho[18][14]
0.0134859	rho[18][1]
0.011301	rho[18][25]
0.000429955	rho[18][21]
4.362e-05	rho[18][24]

Feature 19
-0.251901	rho[19][11]
0.153532	rho[19][20]
-0.15305	rho[19][8]
0.129638	rho[19][18]
0.117575	rho[19][16]
-0.115211	rho[19][9]
-0.10579	rho[19][1]
0.101762	rho[19][15]
-0.100048	rho[19][7]
0.0974648	rho[19][2]
-0.092885	rho[19][5]
0.0916942	rho[19][0]
-0.0909899	rho[19][21]
-0.0712295	rho[19][10]
-0.0641146	rho[19][12]
-0.0385817	rho[19][14]
-0.0381329	rho[19][22]
-0.0268432	rho[19][25]
0.0263443	rho[19][4]
0.0231472	rho[19][13]
0.0227768	rho[19][17]
0.018525	rho[19][23]
-0.011452	rho[19][6]
0.00862807	rho[19][24]
0.00639682	rho[19][3]

Feature 20
-0.194629	rho[20][6]
-0.185052	rho[20][12]
-0.174883	rho[20][10]
0.153532	rho[20][19]
0.148668	rho[20][16]
0.147737	rho[20][21]
0.12873	rho[20][17]
-0.118598	rho[20][11]
-0.111744	rho[20][18]
-0.0960203	rho[20][1]
-0.0896374	rho[20][4]
0.0870012	rho[20][3]
-0.0868451	rho[20][7]
0.0754094	rho[20][5]
0.0523211	rho[20][13]
0.046715	rho[20][0]
0.0417052	rho[20][15]
0.0324734	rho[20][14]
0.0298974	rho[20][24]
-0.0286034	rho[20][8]
0.0218609	rho[20][23]
0.020414	rho[20][2]
-0.0148259	rho[20][25]
0.00998184	rho[20][22]
-0.00596928	rho[20][9]

Feature 21
0.207283	rho[21][22]
-0.181701	rho[21][1]
0.147737	rho[21][20]
-0.139743	rho[21][3]
0.123921	rho[21][15]
-0.118883	rho[21][7]
-0.11	rho[21][10]
-0.0977316	rho[21][4]
-0.0909899	rho[21][19]
0.0835203	rho[21][25]
0.0810034	rho[21][12]
-0.0806316	rho[21][11]
-0.0787966	rho[21][6]
0.0715584	rho[21][9]
0.0684675	rho[21][8]
0.0676259	rho[21][14]
-0.0669918	rho[21][13]
-0.0621809	rho[21][5]
-0.0618803	rho[21][2]
0.0406825	rho[21][24]
0.0202893	rho[21][16]
0.00511713	rho[21][17]
0.00454764	rho[21][0]
0.00442628	rho[21][23]
0.000429955	rho[21][18]

Feature 22
-0.343357	rho[22][1]
0.297303	rho[22][23]
-0.214076	rho[22][6]
0.212232	rho[22][13]
-0.210761	rho[22][3]
0.207283	rho[22][21]
0.188118	rho[22][16]
0.170173	rho[22][9]
0.14966	rho[22][5]
-0.140596	rho[22][2]
0.132955	rho[22][15]
-0.116828	rho[22][4]
0.0964398	rho[22][24]
-0.0949896	rho[22][7]
-0.0929367	rho[22][14]
-0.0556944	rho[22][18]
-0.0471156	rho[22][10]
0.0462076	rho[22][11]
0.0431856	rho[22][25]
-0.0381329	rho[22][19]
-0.0250648	rho[22][17]
0.0231561	rho[22][12]
0.0147702	rho[22][0]
0.00998184	rho[22][20]
-0.00173398	rho[22][8]

Feature 23
0.297303	rho[23][22]
-0.231672	rho[23][2]
-0.226933	rho[23][4]
0.22526	rho[23][24]
-0.214794	rho[23][3]
0.171015	rho[23][5]
0.169963	rho[23][16]
-0.165023	rho[23][1]
0.162461	rho[23][12]
-0.138082	rho[23][7]
-0.11912	rho[23][18]
-0.108084	rho[23][6]
0.0955581	rho[23][11]
0.087508	rho[23][10]
0.0864026	rho[23][8]
-0.0789784	rho[23][15]
0.0784911	rho[23][14]
0.0652644	rho[23][25]
0.0298117	rho[23][9]
0.0218609	rho[23][20]
0.018525	rho[23][19]
0.0182276	rho[23][13]
-0.0137588	rho[23][0]
0.00442628	rho[23][21]
-0.00148987	rho[23][17]

Feature 24
-0.294138	rho[24][3]
0.245966	rho[24][11]
0.22526	rho[24][23]
0.20883	rho[24][15]
-0.170686	rho[24][14]
0.162958	rho[24][12]
-0.155234	rho[24][4]
-0.144242	rho[24][16]
0.137127	rho[24][25]
0.136116	rho[24][9]
0.127797	rho[24][0]
-0.121665	rho[24][7]
-0.118772	rho[24][1]
0.0964398	rho[24][22]
-0.0868834	rho[24][2]
-0.0727729	rho[24][8]
-0.0667127	rho[24][5]
0.0660429	rho[24][13]
0.0406825	rho[24][21]
0.0298974	rho[24][20]
0.0219008	rho[24][6]
-0.0218253	rho[24][10]
0.0173895	rho[24][17]
0.00862807	rho[24][19]
4.362e-05	rho[24][18]

Feature 25
-0.294851	rho[25][17]
-0.289418	rho[25][4]
-0.217106	rho[25][2]
-0.191279	rho[25][5]
0.178363	rho[25][12]
0.171122	rho[25][1]
0.15186	rho[25][0]
0.150122	rho[25][10]
-0.149418	rho[25][15]
-0.14347	rho[25][3]
0.137127	rho[25][24]
0.119388	rho[25][7]
-0.109943	rho[25][9]
0.100972	rho[25][11]
0.0835203	rho[25][21]
0.0786899	rho[25][14]
0.0747885	rho[25][16]
0.0652644	rho[25][23]
0.0522391	rho[25][13]
0.0431856	rho[25][22]
-0.0322634	rho[25][6]
-0.0268432	rho[25][19]
-0.0148259	rho[25][20]
0.011301	rho[25][18]
-0.00462322	rho[25][8]

