0.806254	-15.9938
-2.73283	-10.4434
-10.4313	-4.47013
-4.50119	6.33384
-2.05406	-7.38459
7.24737	-0.426124
-2.57465	-0.94761
-9.26518	0.288439
-3.84517	-4.90458
0.979581	5.00451
-4.47616	0.256108
0.223945	0.297065
-1.67972	-1.1706
-1.30858	-0.181327
0.649639	-1.41554
0.335368	-0.72229
-0.951806	-2.11676
-1.16575	-3.69236
-4.20225	-18.087
-16.2749	-14.9721
-13.086	-29.3679
-27.5753	0.706602
1.7936	-25.5845
-28.5132	-12.3578
-11.8007	-15.973
-16.3143	-17.8312
-17.4039	7.184
6.05852	-12.5429
-14.1139	-8.67213
-5.79209	-0.90071
0.925266	4.45987
6.12369	-2.52889
-4.14272	-6.79327
-6.74131	-1.35729
-6.07267	-0.960569
-5.07931	-4.58522
-2.41781	-2.04237
-2.51573	-16.7583
-16.5176	-18.6689
-20.4671	-0.621761
-1.15274	-37.2457
-36.1091	-6.4048
-6.14939	-2.61212
-4.28118	-9.98086
-13.6641	-0.0548615
-0.142716	4.9444
0.03016	-13.7493
-12.1072	-2.11185
0.528902	-8.6234
-9.11631	-12.274
-13.3713	-4.59031
-3.78067	-8.21277
-9.28516	-2.95495
-2.87698	-8.33421
-6.09096	-5.10287
-7.74812	-0.854009
-3.63417	-2.87111
-4.87212	-7.36903
-6.69381	-7.09041
-8.04236	-2.67345
-2.42034	-30.4233
-29.9666	3.66548
2.99971	-27.8416
-29.5691	-4.30828
-1.15942	-10.2527
-12.3449	-14.3085
-15.4945	1.00994
0.448652	-18.2999
-19.3729	-2.99037
-0.594436	-3.37649
-3.92002	-5.12994
-4.75828	2.16505
3.25768	-1.89184
-0.227311	4.07531
5.04413	-5.42477
-3.00944	1.5591
0.10464	-2.4369
-1.25147	-14.7994
-12.2824	-2.03446
-5.29432	-7.21757
-9.46829	-25.7681
-27.3388	-17.9389
-14.0524	-3.66729
-5.78032	-6.38205
-6.81602	-14.3076
-8.86322	-5.28984
-11.8494	-2.24467
-1.03218	-14.6505
-11.076	-4.26949
-8.12229	-5.05632
-3.93757	2.31793
3.57126	6.01958
0.773384	3.50778
1.34007	-2.08563
-8.02413	-2.11254
-3.42679	-1.16621
-2.72606	-1.38593
0.998615	-22.2979
-18.9229	-14.6941
-9.56908	2.08022
0.603974	-24.9966
-24.5196	-14.6524
-13.9123	-17.2506
-15.4836	4.08228
-1.54654	-16.6532
-9.35919	-8.31387
-13.2498	1.59931
3.40133	-20.1685
-12.1833	-0.500834
1.28164	-4.93907
-5.72287	-2.33399
7.26392	0.393642
8.59046	-4.46216
-2.51211	-1.47045
-0.204608	-1.96493
4.7074	0.917898
-1.33578	-1.46794
-2.88991	-35.9394
-35.5621	-6.16713
-8.46655	-13.2259
-2.81892	-10.7361
-21.1087	-7.13283
1.88055	-5.56206
-6.78524	-2.70503
1.71021	7.56647
4.77142	4.72987
6.58715	-1.16394
-1.1294	2.64117
1.23037	7.74725
2.81233	1.89679
4.36904	-0.759458
-8.43859	1.60003
-1.01646	-2.48378
-2.6685	-3.20581
0.452516	1.07793
0.434256	-1.74496
-1.15667	-1.30623
-0.561995	-15.1671
-14.9495	-16.0826
-17.0501	-7.14263
-6.31538	-27.626
-27.4086	-5.59735
-4.47381	6.30704
10.0362	-6.22696
-5.02311	-16.5917
-16.5307	-8.68887
-12.0609	4.28754
6.40712	-9.31058
-8.0675	1.06523
0.941349	-7.62387
-6.95266	-2.48431
-3.25883	-0.265239
-0.848746	-4.26161
-5.88076	-0.478377
0.80716	-3.08063
-0.583568	-2.04762
-3.29835	-1.14808
-2.07893	-9.04988
-10.1499	-10.8094
-10.797	4.00772
1.28179	-9.57857
-12.023	-4.85901
-4.64107	-16.7115
-13.3329	-0.632838
-0.0947743	-10.964
-17.0287	-16.0591
-18.4532	-16.8741
-17.2179	-13.0066
-15.0714	-4.57309
-7.07615	-14.3692
-11.3169	-1.0384
2.08604	-4.17643
-6.54657	-7.45721
-3.8511	-1.42279
-0.481542	-1.21162
-0.829818	3.01832
-0.445839	-2.8261
0.250392	-7.31692
-6.9413	-23.0506
-20.7206	1.19148
0.0395315	3.67157
2.60746	-0.172604
3.683	-0.753948
-10.7264	-10.7567
-9.10572	-15.2786
-6.4243	-0.587756
6.25279	-6.30888
-1.17645	12.6222
12.9348	-3.65354
3.13869	-0.152137
-5.39513	-1.8384
0.528326	0.146945
-1.20833	-2.14519
4.25093	4.83077
-1.26869	-0.654875
-1.52557	-3.22927
-7.00391	-3.21686
-0.553173	-10.4907
-0.539185	-7.20442
2.2023	-1.06357
-2.73649	-6.04386
-2.4036	1.42219
-7.3223	-11.0795
-10.3793	-2.39404
2.09034	3.04165
3.58906	1.75776
5.21415	0.00123116
0.894785	2.75174
-3.38527	1.18491
-2.89491	-1.97524
-1.89918	-2.40057
-2.73752	0.499486
0.071953	-13.4615
-12.4085	-21.8393
-21.0119	-9.35097
-9.57899	-21.055
-23.2137	-10.4456
-10.031	5.78807
6.09075	-5.49658
-7.50621	-6.42586
-5.33207	-3.08967
1.39635	-7.88217
-8.56433	-9.84721
-9.32132	-5.82663
-6.75347	-10.1569
-7.97949	4.96174
2.72932	-6.56452
-7.02618	-0.13704
-0.508628	-4.612
-4.54793	-0.750522
-1.32	-0.509066
-0.49322	-2.01582
-1.89571	-21.9238
-20.8227	-15.2242
-18.3566	-9.64394
-13.9787	-14.2702
-12.4483	-12.7619
-9.85669	-25.2873
-27.5546	-6.37535
-3.46332	2.95252
1.63398	1.43644
-3.59463	-5.46486
-20.9679	-10.0675
-6.03529	7.96603
-10.2057	-12.6932
-9.67654	-0.866394
-9.23545	-2.80275
-1.3755	-8.63035
-8.53835	-5.02792
-3.694	-4.09998
-3.86723	-0.705607
-1.07393	-1.00641
-0.859375	-21.5237
-22.4755	-24.5189
-24.883	-9.70683
-10.0521	-18.9342
-15.1312	-9.85272
-10.1752	-6.02671
-7.51616	-0.718175
2.19742	-12.4186
-8.12867	-22.2887
-18.8155	-11.795
-12.4337	-1.62425
-3.52816	-6.94855
-6.08188	-8.68259
-12.4961	-3.96563
-0.403476	2.70807
3.88313	-1.81317
-0.512622	2.75871
3.29173	-2.89026
-1.74249	-4.53674
-1.96381	-3.4197
-2.92145	-16.1788
-15.3025	-20.039
-20.4972	3.40749
5.93983	-23.3219
-25.9574	-1.89865
-2.61077	-23.591
-22.7213	-8.20387
-5.46434	2.94552
2.02081	-14.073
-1.63953	-4.1618
-6.09073	-8.87005
-9.33008	-4.07802
7.18517	-3.00614
9.16665	9.19747
5.13629	5.86231
1.94362	3.06323
6.04892	-4.48782
-3.5661	-1.09038
-1.58446	-1.62418
-2.89749	-0.864528
-0.311945	-10.575
-2.4708	-22.1329
-14.1442	2.10475
2.56049	-9.18667
-10.8757	-16.6119
-12.7371	-12.3614
-5.66758	-1.55755
-3.64613	-13.737
-7.73021	-10.9093
-16.8648	1.09294
2.76158	-13.1801
-11.6981	-5.99592
-6.17611	-16.3602
-17.5031	2.81573
4.66646	-3.42139
-0.565654	1.42467
-1.9521	1.1562
0.623092	-0.902012
1.29522	-3.6609
-3.68025	-0.80549
0.0155846	-16.3305
-9.83658	-21.3765
-20.4799	-10.1076
-3.63905	-21.3252
-13.3818	-18.1903
-15.3147	-5.32349
3.00629	-8.14896
6.37921	2.99099
-4.01483	-0.282161
7.44553	-7.21461
-9.25075	-3.76182
-8.68287	0.110488
-0.703171	0.816999
1.62496	-1.32679
-11.943	4.29501
1.59394	-10.6688
-6.29294	2.53944
1.97195	-3.54296
-5.98018	-2.29238
-0.129593	-2.04265
-3.47268	-7.9998
-12.6131	3.1311
1.59334	-7.3382
-6.85472	-2.77722
-9.56462	-13.7984
-10.1574	-1.27338
-13.9759	5.23388
1.82791	2.35533
2.77724	3.1751
7.59908	0.729679
-2.25349	1.48597
2.33666	3.999
-11.2947	-6.0037
-5.21928	-0.172971
0.922785	-1.26304
-1.03865	-1.16085
0.137486	-2.03051
-0.883168	-0.689303
-1.31673	-1.50301
-1.29617	-1.61506
-3.60031	-8.70819
-9.17822	-2.70894
-0.778834	-13.5905
-9.33712	-24.699
-24.6885	-4.26108
-1.89503	-15.7276
-21.8763	-8.66396
-9.80031	3.37555
5.12877	-19.1759
-11.7729	2.33833
8.81127	-13.8186
-8.59224	-19.9385
-5.28959	1.87012
0.926718	3.50871
1.33843	2.93808
-3.26689	-2.75821
-3.63884	3.4026
4.51136	-1.12959
3.17681	-0.470832
-1.99674	0.367506
-1.28744	-6.41624
-6.80227	-23.643
-23.8569	0.170375
2.47995	-0.111782
-7.07344	-15.3801
-16.9666	-25.9572
-10.7772	6.33772
-3.69631	4.5194
5.82531	-2.23351
2.74559	-7.6905
-4.74999	-11.0208
6.20624	0.822692
1.02446	1.60501
0.420776	1.4366
1.94593	-2.43638
-4.34658	-4.55759
-3.71724	1.16437
2.45607	0.00190141
-0.0510031	-0.326861
-0.807903	-1.00015
-1.21428	-14.6769
-14.0625	-28.9973
-28.118	-4.17762
-2.84635	-14.9667
-23.2389	-7.66467
-5.41703	-24.095
-20.1789	-5.771
-2.96726	-9.62838
-5.81857	-16.8116
-9.4719	-7.95895
-6.5041	-12.5995
-8.81503	-8.33192
-14.8249	-1.79559
-3.05565	4.13317
2.74974	0.820104
13.4592	7.0821
6.46976	3.6149
3.17566	-2.24027
-2.21076	-2.07104
-6.61019	-4.2803
0.50137	-3.16077
-8.69654	-9.39522
0.659451	0.111393
-2.5526	-2.04149
1.85674	-1.46853
-14.084	0.362559
1.59784	5.52192
-1.43153	-0.495387
-9.14164	-0.982738
2.00377	-5.50367
-6.05196	-5.20775
-5.30718	-3.48031
-4.71879	-3.844
-2.8891	-0.69708
-1.98939	-17.8103
-20.4548	-4.2824
-4.29095	-2.06014
-9.18028	-10.3425
-6.10747	-11.4904
-12.3511	-5.89585
-4.90119	9.47096
6.6883	-9.25771
-6.45687	0.848072
3.30078	5.05839
-2.84939	-1.15891
2.88731	-5.48202
-5.12564	2.81775
-0.422512	-1.80231
-10.2057	2.5854
-4.5967	-10.8078
-11.1218	-3.47765
-6.05284	-2.01622
-2.20271	-2.60192
-3.52549	-0.727383
0.219015	-21.126
-26.8061	-9.18701
-7.29932	-3.95912
-16.0011	-7.37816
-3.94786	-13.1346
-10.2023	-5.50423
-19.0929	-15.6216
-11.2239	-6.69386
-12.8309	-5.49266
-5.11224	-0.726763
6.45258	-15.0011
-6.94318	-5.62435
-4.82316	-6.64548
-9.09175	5.10149
1.73196	-0.411325
3.82879	-6.18116
-3.28767	-1.10723
1.09764	-1.19208
-0.123969	-2.34672
-3.31547	-1.16233
-1.02126	-10.6111
-8.99677	-25.2875
-22.0353	-12.2513
-13.2226	-8.91787
-7.11749	-14.869
-14.7844	-12.9076
-12.2817	0.568032
-3.88952	-11.2512
-8.90177	-13.882
-10.3571	-11.4018
-1.3345	-9.33096
-12.3986	-11.4109
-12.223	-2.82153
-3.80143	-1.35236
-2.4	5.00579
4.29269	-2.46536
-2.64263	-0.176471
-0.180288	-0.101856
-1.39633	-2.97822
-0.877834	-0.972931
-2.42518	-28.9389
-31.3773	-18.3355
-14.6387	0.707559
1.02443	-17.056
-21.8712	-5.76637
-7.23175	2.70436
0.714284	-11.7866
-8.72922	-8.86091
-3.023	2.70024
3.03333	-9.24267
-9.21589	-4.93225
-6.4271	-9.02576
-9.70868	0.863513
2.96107	-12.4205
-7.74028	3.42447
3.09278	-6.44919
-4.2004	-0.523317
-1.18115	-0.844586
-2.7122	-0.0324206
0.0635057	-1.2135
-0.358464	-4.29366
-5.63383	-15.5383
-17.3904	-6.43338
-1.72534	-21.9376
-5.74773	-19.4623
-10.1807	-12.8651
-13.0375	4.53988
9.43989	-24.2161
-4.35098	-13.6273
-15.8322	-4.03277
-3.29325	-7.63595
-8.10405	-7.98722
-5.67779	5.69446
4.35175	-4.8603
-4.26047	1.8916
4.87305	-1.55235
-3.17239	2.43157
4.12213	-0.981389
-1.10962	1.18539
1.70244	-1.25854
-1.98731	-18.6618
-15.8383	4.98217
2.90575	5.60816
5.94964	-28.2916
-27.0155	-13.6939
-13.7626	-10.9782
-18.5891	2.78363
2.8238	-3.81361
-12.0886	6.0562
2.10828	3.88109
3.52108	-8.3091
-8.34969	-13.8829
-4.0897	-5.15159
-2.20172	-9.20937
1.298	4.76363
3.43209	0.288117
-6.10177	-4.17425
0.499775	-4.53433
-3.25233	0.596428
-1.54142	-0.223646
0.780433	-28.9256
-22.6867	-10.5767
-14.9322	1.73171
-1.89675	-6.27533
-7.62802	-7.03509
-5.96327	-8.8579
-10.5059	1.06937
1.07981	-11.3006
-10.1631	-16.4249
-19.9202	-3.72241
-8.39594	-3.36889
-5.71313	-3.88086
-1.41065	-8.32324
-8.57682	-0.705371
-5.16726	-5.90804
-10.8777	-4.12215
-3.78311	-1.01634
-0.978798	-1.92724
-2.88029	-0.225188
2.18038	0.919057
1.51703	-15.5655
-16.1432	-15.3873
-18.3883	0.489833
3.16185	-3.26257
-4.42339	-7.12061
-4.60382	-0.509319
-5.46943	-4.25668
-1.89232	-1.71506
-6.59432	-3.57715
0.218032	-8.67298
-2.98399	-0.0311667
-0.481532	-3.72499
3.49405	-4.21981
-3.40742	-1.57472
-1.78194	-6.3386
1.38391	5.83552
-2.04813	2.42008
-9.14999	-5.54891
-8.2602	-11.674
-6.49914	-9.02237
-4.52458	-4.77549
5.2134	-1.55436
-7.14681	-4.49094
-4.52726	-1.28131
-4.69576	-2.09912
-3.03768	-1.66052
-0.457176	-12.9089
-12.4808	-0.400593
-0.380399	7.77953
2.6829	-24.0645
-18.5574	-13.1559
-17.6176	-15.6771
-8.03181	-7.22146
-8.19152	-3.75323
0.719682	-2.86423
-6.1266	-4.98388
-0.624527	-5.64211
-10.7472	-4.28393
2.88499	-1.66611
-6.23887	-2.76175
3.43904	6.94473
3.4704	3.23623
-6.09311	-1.86703
-4.10534	-2.33701
-3.5371	-4.24708
-4.24354	-1.32874
-1.89986	-14.1587
-14.6773	-18.7236
-18.433	-0.841646
-1.29785	-33.6162
-32.7394	-3.43327
-2.25562	-14.8134
-21.0741	-11.4485
-16.7441	-3.63347
2.18039	-22.137
-22.8667	2.26316
3.54592	-9.96767
-10.8559	-11.206
-9.08738	2.02959
3.19845	-2.77083
-3.05507	0.964423
3.38497	-6.77452
-3.32008	-7.02244
-5.34518	-0.746087
2.09942	0.308189
-1.6514	-3.2781
0.0547199	-17.5757
-17.0615	-1.54575
-1.71925	-8.52137
-10.1173	-10.2856
-11.5768	-13.8461
-13.8627	-4.73326
-5.2697	9.80136
4.92028	-14.4519
-16.2728	-17.0323
-19.5184	0.84254
3.12211	-9.46278
-10.8093	-3.75361
-4.67877	-1.3836
0.473379	-8.14947
-8.98337	-5.42209
-2.10676	-6.06472
-5.57031	-0.652213
8.90317	-3.83256
1.51841	1.67021
-1.46541	-0.000751081
-2.54259	-30.1137
-14.3114	-11.4685
-7.62311	-3.81547
-7.96881	-36.8673
-35.7416	-19.828
-15.3115	-18.4798
-17.8394	-22.0863
-12.6947	-0.2352
-0.0715557	-5.50444
-4.99992	1.82897
-4.85296	-2.13004
-2.04788	-2.7296
-3.62195	-10.5738
-8.53469	-3.89261
-4.34162	-7.52872
-6.26105	-3.71745
-2.20659	-3.66069
-5.12007	-1.05614
-1.22119	-2.70532
-1.47679	-1.43248
-1.75582	-10.1452
-9.33978	-17.8237
-16.8433	4.23347
4.22983	-21.7466
-20.811	8.2124
7.19828	-25.4457
-23.0189	-9.77701
-9.64646	-1.79169
4.21317	-18.8469
-14.4761	9.60633
9.03404	-16.9953
-15.4404	-14.0023
-10.3614	-0.880233
2.43563	-9.17007
-4.7751	3.17469
5.53703	-3.74318
-6.24043	2.6533
0.448859	-1.42784
-3.47108	2.25858
-0.286973	-2.37906
1.32648	-5.9789
-11.3581	-4.74602
-9.0221	6.69028
8.63003	-7.73169
-11.7056	-4.48311
1.46401	-12.1749
-11.5824	-7.36232
-5.40573	1.34206
0.846907	-7.55209
-3.74353	-12.8641
-8.15254	-10.9481
-10.9855	-1.67241
-2.04127	-15.4117
-11.889	0.24951
-3.63323	0.0470394
-1.30549	-1.95487
0.668153	2.75459
0.55171	-2.7797
-3.92633	-2.4836
0.0121931	0.427086
-0.861791	-18.7943
-20.5346	-18.7382
-17.7516	-1.77338
1.11415	-8.63901
-15.5198	-5.47761
-5.57287	-4.34517
11.2918	-3.30918
-0.979804	-7.63028
-7.35129	-15.6879
-15.6726	3.50989
3.45857	-19.3311
-17.6868	-6.12298
-6.93516	-4.87686
-2.54188	-4.72245
-3.3326	-1.03612
-2.30992	0.404215
2.25718	2.34269
0.0558137	-2.10053
-0.0273502	-0.176844
0.173692	1.84397
-0.119809	-23.7025
-27.2538	-13.6889
-11.8362	-8.576
-5.56813	-2.3715
-0.238331	-8.71352
-10.4661	-5.38354
-1.63761	-6.23358
-4.4016	-12.8519
0.989966	-11.3624
-7.24139	-18.3811
-10.0325	-3.71838
-5.06999	-8.31471
-4.80675	-5.48794
-6.03588	-0.654584
-4.47236	-4.8241
-1.61825	1.55301
0.868223	0.378645
1.58356	0.279087
1.50659	-2.78876
-2.96989	0.111102
-0.214327	-3.07509
-4.69692	-20.8008
-24.3171	-16.1602
-16.6773	-9.73965
-7.68039	1.23769
1.95164	-11.6439
-9.62892	-5.07474
-1.68038	-3.51423
-9.65509	-19.8627
-22.1184	9.35768
5.12555	-0.662641
-4.14967	-10.1132
-12.0314	-0.0283761
-1.09133	-5.9898
-8.37889	-1.04788
-1.84559	-0.677452
1.59312	0.658184
0.549095	-0.914451
0.503276	-0.434782
1.48496	-0.271545
1.30501	-17.0361
-19.7021	-18.7379
-20.1149	0.22458
-3.53141	-3.4326
-5.79795	-7.49805
0.656365	-2.09288
-3.29369	6.29052
2.74357	2.69535
6.34075	9.7275
10.748	6.71375
-13.1139	-6.23808
-1.40338	5.04378
2.51208	-8.51431
-4.78308	-4.71127
6.02854	3.94189
9.08218	-7.19236
0.711521	4.47864
-1.42909	-3.63923
0.414888	3.78294
0.463664	0.907668
0.637383	-22.3954
-23.1296	-21.2651
-21.6517	-3.81395
2.50266	-4.91925
-10.7461	-6.69312
-4.30622	-2.33547
-3.70485	-9.2943
1.75574	5.22979
-1.22168	-5.91805
0.737535	3.94224
7.22965	1.24922
-2.50647	-3.69258
-4.68284	-3.69571
0.318887	0.326282
-7.88815	-6.25374
-2.23945	-3.68025
-1.01496	-7.53561
-10.974	2.50906
2.95414	4.56383
1.99886	-2.98944
-4.54553	-3.04567
-7.15707	3.44865
-4.7916	1.20928
-3.15744	-7.34317
-6.63106	-2.56406
-2.266	2.74734
-1.16972	-1.36072
-4.35369	-2.95361
-1.77911	-10.397
-9.79433	-17.2114
-15.618	-14.853
-14.3148	-12.826
-10.6856	-21.0624
-17.6941	-15.7985
-7.27082	4.62219
5.10397	-4.71388
-3.54471	-5.9192
-2.28148	-9.038
-7.34791	-15.5848
-13.7203	-7.22396
-8.14232	-15.876
-10.6732	-5.73599
0.476964	-1.03034
-3.38426	-3.02468
-3.05503	-2.15469
-3.99321	-4.02445
-3.62532	-3.37133
-2.64685	-3.04349
-3.59294	-10.4605
-10.9472	-29.3066
-30.3765	-3.02877
-4.35196	-13.1545
-18.0691	-15.0244
-16.4787	-4.47296
-13.8771	-5.88377
-6.0184	-11.1175
-17.3128	-11.9844
-13.651	2.04312
2.13274	-13.4438
-11.6494	-3.34225
-3.02326	1.91574
-3.79329	-0.386773
-6.96067	3.62606
1.26521	-3.35208
-5.35645	-3.46376
-1.03246	-5.79794
-2.28716	-2.40851
-1.98492	-0.14927
-0.719829	-7.11324
-6.79645	-15.5913
-14.8339	-15.231
-11.8288	-16.7887
-18.1249	-7.62153
-9.20004	-9.86428
-7.03225	5.12573
5.92593	3.7655
2.2451	-15.8198
-8.88473	4.53087
-4.46212	-11.4706
-12.2818	-8.00006
6.36395	-3.61666
1.92072	8.5054
-2.14849	0.596933
0.76656	-2.34031
-6.26325	0.874769
-0.40197	-2.59759
-4.83308	-2.3644
0.525341	-1.03722
-0.621949	-17.4704
-12.8246	-18.4418
-12.8343	1.38764
-1.66939	-25.3012
-26.135	-14.6272
-15.0774	-11.8389
-6.9032	4.90451
3.23062	-12.4581
-13.3639	-0.834786
-0.674742	-1.74155
-0.42244	-21.9536
-21.8257	-0.357053
-3.55298	-7.01076
-10.2298	-5.56127
-0.650354	-5.51479
-3.36713	-4.67335
-11.2609	-2.85515
-2.83546	-4.74045
-3.28409	-1.79949
-0.754389	-0.425561
0.560818	-10.1128
-7.59489	-10.4806
-18.1734	-5.12033
-9.96795	-11.7674
-12.2301	-11.747
-8.53393	-10.8658
-7.73144	-10.173
-11.6137	5.15643
6.07047	-8.84939
-0.227524	-16.2779
-14.6661	-2.24839
-2.53491	-18.1105
-6.76473	-8.33437
-4.34593	-0.177387
-6.13374	2.45023
-7.30276	-1.69583
-1.95698	-2.34633
-1.03946	-2.74693
-2.93334	-0.84557
-1.39566	-1.14531
-1.6647	-6.97307
-9.2958	-28.9719
-30.3642	-1.32209
0.752147	-16.5041
-20.7277	-7.43907
-5.70053	0.449175
-16.5456	-9.42675
-11.5599	-2.32518
-4.96205	-6.55446
-7.95592	-0.96679
-9.12713	-6.97965
-10.2585	-3.58679
2.52108	-11.2433
-8.95112	3.22158
1.56943	4.60183
2.29931	-2.15922
-0.523175	1.08096
0.673235	-3.45376
-7.62519	-1.08317
-1.13238	1.05563
-0.499714	-6.76988
-9.30724	-23.7296
-22.6888	1.28887
1.58594	6.33354
-0.295521	-5.36337
4.44549	8.52582
-7.01515	-12.8312
-4.52423	-3.43323
-4.68389	0.569084
-7.34325	-5.68576
-5.2915	2.54022
2.55203	-1.95186
5.05489	-6.05811
-2.46702	-0.0460874
9.43687	2.80595
3.53443	-2.21489
3.51391	3.20532
-1.37539	-1.30538
-3.69001	-1.73929
-0.513442	2.39107
6.23567	0.65466
-6.83188	-1.19514
-3.86795	3.94415
-2.17134	-3.74446
-0.762527	-3.98697
-3.01108	12.0529
5.79288	-2.49364
-6.35458	11.5126
8.448	11.168
3.05437	0.600023
-1.51344	1.74161
1.88804	6.07255
-0.946355	-3.07831
-0.544815	-2.48909
-1.66562	2.99195
1.25265	-0.957892
2.23233	-0.466687
0.0917244	-4.01676
-5.67309	-13.8885
-16.9723	-15.1178
-15.7575	-15.0273
-17.7577	-4.60377
-3.84061	-17.5747
-19.6874	-14.8927
-15.2578	6.5961
3.0604	-12.5907
-8.77023	-5.6725
-5.11278	-17.3492
-12.4106	2.25533
1.85699	-3.35652
-6.53325	-3.50386
0.601818	4.41049
5.56158	-8.51911
-9.94668	-6.41817
-3.1502	-0.692925
-6.2495	-5.33094
-4.3597	-1.38342
-0.830875	-17.2265
-16.786	-18.8656
-23.7675	-8.28023
-9.33408	-21.0389
-16.8929	-6.61975
-8.12624	-8.9884
-8.1399	0.490444
-0.959797	-13.2824
-11.5705	-22.5015
-22.5788	-5.46952
-7.44135	-6.15805
-7.24349	-3.13932
-8.8449	-1.04374
0.649478	-2.85995
-5.82221	-2.14701
-7.02822	-4.41748
-3.00505	-1.2719
3.68064	2.04077
-1.76649	-1.56821
-3.67982	-2.13077
-0.471401	-22.3726
-24.3959	-23.8755
-16.6788	-5.27626
-10.4068	-19.3403
-18.4199	-11.458
-3.9828	-26.5132
-23.3291	12.6199
15.5268	-14.4722
-17.883	-9.07272
-13.4135	-4.93885
1.2568	-11.4961
-10.4805	2.93835
-1.13697	-6.53888
-7.31499	-2.81956
-4.46601	-5.09274
-4.75281	-6.93573
-4.57194	2.15984
0.0856083	-4.47068
-4.39331	-1.38852
-1.36664	-2.06841
-1.56108	-10.8266
-16.3429	-21.7562
-21.9816	-5.46959
-7.55253	-7.72463
-3.46808	-0.30081
-1.19181	0.175594
-10.7132	-2.09347
-8.71886	-1.44856
3.86563	-1.15497
-2.64243	-1.37312
-11.0199	-10.7897
-15.4425	-5.52734
-9.90089	-12.0265
-10.5085	0.330777
0.262542	-6.598
-2.6256	-5.14582
-5.04386	0.258079
0.83968	-2.19594
-0.878601	-1.78597
-1.18759	-1.28249
-1.21756	-15.3809
-13.4148	-13.3201
-17.8337	-0.372948
-1.58003	-21.9608
-18.7045	-16.6202
-14.2414	-1.28597
-3.99025	6.83251
8.13642	-21.0664
-13.1618	-7.86316
-3.84168	-2.01909
-6.02971	-10.4893
-20.1903	-4.17877
-3.86389	-5.32852
-3.54749	-1.32803
0.775038	-4.92602
-7.65997	-2.69297
3.20833	-0.581867
-3.30924	1.15741
-1.08267	-0.0902654
1.59144	0.553808
0.300489	-14.3839
-11.0485	-16.8928
-19.2942	-5.64153
-8.19153	-21.1943
-18.9089	-15.9043
-13.4041	1.1931
-1.75057	5.31161
8.4372	-12.8253
-16.1894	-0.841638
-3.8493	-6.62938
-5.60097	1.19902
-7.73178	-9.74594
-5.93875	-8.19386
-4.13491	2.92698
-3.14535	2.9518
-0.175949	-1.48273
-3.19378	2.35569
2.77022	-3.28813
-0.16233	-0.592164
0.26145	1.63544
0.346633	-24.0507
-24.05	-23.2689
-24.2261	-4.30505
3.06313	-9.70681
-12.5995	-8.13307
-7.30204	-3.0129
-1.21649	0.902604
-2.08765	-11.3183
-12.4381	-18.6536
-21.8022	8.61532
8.72088	-10.2973
-10.597	-3.56006
-0.292622	-0.7157
2.99532	-5.25012
-5.17402	-0.211354
0.0272554	-2.2231
-6.77676	-0.0748565
-1.68804	-4.92275
-1.67748	-2.06624
-1.834	-1.4831
-0.789352	-15.6542
-17.4564	-0.922154
2.00311	-5.22643
-3.92439	-28.2232
-25.0659	-10.3616
-15.4503	-20.8289
-16.945	-8.73283
0.905539	-6.84158
-2.18162	-7.28521
1.98254	-10.1118
-11.008	-4.66446
-0.0609766	3.91107
-11.7005	-12.3669
-2.67791	2.27046
-4.57916	-4.58726
4.05062	4.46223
-1.4318	1.66517
3.26761	-2.59414
-3.43972	-1.54282
1.97995	0.930143
1.04289	-21.7468
-22.9817	-22.9064
-21.0262	-7.5136
-11.9758	-15.9944
-15.5627	-5.55874
1.37817	-6.62538
-5.95852	1.42423
-4.88056	-6.08484
-6.79366	1.29449
4.47585	-5.48749
2.74333	0.127659
-2.13072	6.23294
6.96216	7.58309
-1.06936	1.15083
-3.53345	-8.67813
3.27379	2.08433
-3.87673	-2.61967
-1.71442	0.414522
-0.698887	-14.697
-4.8965	-2.83485
-2.42997	-5.25083
-1.56807	-4.40433
3.54635	2.79397
6.3191	3.73503
-0.997784	3.4374
-12.5921	-3.99018
-0.431237	1.33475
-3.28952	-1.45632
-7.10943	2.21764
-7.71426	-3.24703
5.92832	2.47057
-4.76416	-0.210736
-3.90984	-3.37989
-1.53656	-0.293874
-0.995172	-2.44487
-2.30321	-15.3989
-12.8908	-14.1859
-11.585	3.82986
7.98896	-16.2233
-15.792	-13.6768
-2.14571	2.09991
-0.418254	-1.29425
-0.318554	0.479879
-4.34499	-5.18905
-13.9072	-11.9624
-1.34055	-6.028
-10.4657	-10.2089
-4.99078	-8.6447
-10.3562	-0.252496
-1.95788	-2.20361
2.14187	-4.99767
-1.35671	-3.76665
0.836383	-0.624885
-3.36637	-3.44809
0.620526	0.522126
-1.07769	-22.2123
-20.3121	-19.6588
-11.6868	-4.02992
-3.30167	-30.9265
-26.7225	-23.3461
-23.9017	-7.44282
-10.6516	-1.62021
1.27236	-13.4899
-17.0558	-0.677992
-1.3626	-5.25462
0.762754	-14.3338
-12.5213	-6.23975
-12.0457	-5.09135
-11.1398	-9.84773
-2.78318	-6.47359
0.166119	-8.21158
-3.6308	-6.74635
-5.99252	-2.42778
-5.26481	-2.95987
-3.74978	-0.587053
-1.15811	-5.97539
-6.23502	-6.56177
-2.24123	-12.61
-11.4018	-19.7409
-19.1387	-8.53494
-5.56571	-19.8056
-24.403	-10.0046
-8.68704	-6.04255
-8.0479	-16.9801
-16.3666	-0.667937
0.845887	-7.35653
-11.3748	-3.19691
-3.60167	-4.11295
-3.38174	-1.95206
-4.81522	-2.47682
6.13312	-0.977361
-4.67601	-1.51032
-1.3455	-1.58517
-1.5883	-0.920211
-2.1945	-1.24423
0.244792	-29.6567
-28.5997	-11.8182
-7.25708	-0.441387
2.16432	-8.69031
-27.6963	-11.9883
-10.5036	-18.4552
-15.1371	-12.5479
-11.9647	1.45795
-1.53908	-12.1424
-13.3521	-4.38254
-5.03956	-7.8648
-8.06867	-0.562201
-5.077	-7.9657
-9.63948	2.42301
3.87822	-1.39273
0.536928	0.778775
-0.294066	2.66939
2.48487	-2.15027
-1.24703	-2.38643
-1.80519	-1.32169
-1.23975	-17.7409
-17.4816	-17.9166
-18.129	-2.9361
-1.05279	-18.8403
-23.4591	-11.5328
-4.68836	-24.8099
-24.4337	-2.41564
-5.26738	-5.85323
-7.56046	-21.1557
-20.882	1.85335
4.64701	-12.782
-11.9115	-9.50372
-10.7844	-4.17698
-1.00981	3.28345
2.06576	5.60067
1.96693	1.93177
-0.916755	-3.66353
-2.6515	-7.09191
-6.10513	-1.05993
-0.740506	-3.67155
-2.33808	-6.2793
-5.55894	-9.82936
-5.09958	-5.97352
-4.27705	-17.9595
-11.3961	-18.5425
-17.6434	-4.05591
3.82509	-12.0772
-15.2764	-6.32096
-11.4551	-2.89026
0.827282	3.41757
6.47488	-20.529
-16.933	-3.33352
-2.42226	-4.58335
-3.83044	-10.8917
-12.3829	1.09202
0.131277	-4.77655
-4.87214	-0.699806
-0.318955	0.129892
-2.09331	-2.75683
-2.58578	-0.651428
-1.08424	-10.5171
-9.56835	-19.5419
-19.0826	-17.7834
-17.3859	-13.9636
-15.7117	-9.88768
-9.73738	-24.8961
-25.6831	2.30946
4.01016	6.58558
6.66344	-8.85643
-8.08376	-6.52639
-6.99826	-11.6733
-10.0817	-1.62087
-2.68949	-12.7125
-9.93237	3.16618
1.1296	0.48102
0.740422	-4.08942
-3.67382	-1.77705
-2.33732	-1.16581
-1.53598	-1.25663
-1.66729	-1.54923
-1.49235	-5.43406
-5.47193	-15.0747
-5.97396	-7.84652
-8.57811	-8.12048
-5.87831	-6.87462
-19.4371	1.78387
3.82928	-12.1484
-0.475235	1.79905
-4.95955	-2.25642
-2.10947	-3.34343
-2.09466	-1.88761
-6.81811	-2.98533
-16.0249	-12.635
-6.61479	-4.84165
-2.20351	-4.49764
-0.964614	-0.741704
0.0978316	-0.974607
-1.7968	-1.92554
-2.93985	-2.49463
-0.896608	-1.27634
-0.603213	-6.96411
-7.66473	-8.76069
-5.90763	3.35972
9.46534	-3.37168
-1.92378	-11.1716
-7.8403	-14.0969
-5.01972	-10.5884
-6.17454	-4.25912
-7.04127	-0.0341235
3.16086	-11.0419
-8.6083	-15.0432
-16.505	-1.81755
-6.4738	-7.80279
-5.59292	-5.50516
-5.54239	9.9979
3.32599	2.04173
2.29659	-4.79473
-1.98397	-3.12846
-4.14948	-0.320713
0.405482	-2.4718
-2.0531	-3.23808
-13.6995	-3.69792
-0.251079	-1.7277
-1.60291	-4.61945
-3.40334	-11.536
1.77579	-7.44784
-10.3786	-7.2532
-6.25595	-10.7599
-0.656915	-2.03075
3.23587	-2.98044
-3.50875	0.755662
-1.06345	-0.897598
-0.679774	2.69216
-10.7042	-6.81493
-9.49821	2.08662
-0.416276	-4.29876
-4.52765	0.658597
1.77297	-3.14432
0.142325	-1.64444
0.324695	-0.541037
-1.38154	-13.389
-12.6836	-14.2417
-11.0146	-8.53543
-3.13297	-21.6147
-13.6156	-13.0997
-7.5537	9.11527
5.73601	8.19096
1.89221	8.40667
-4.05078	-2.57635
6.98561	8.65069
4.50615	-11.3481
-9.8968	5.85826
0.643071	1.12358
6.83954	-5.25386
5.4149	-0.612935
-1.33321	-0.108763
-8.58215	3.62163
1.64208	-2.84023
-3.08789	-1.98343
-1.95896	0.3044
-0.260678	-7.854
-10.0772	-30.9816
-20.9127	5.72445
-0.22453	-10.7347
-12.7191	-9.30747
-7.79332	-6.55614
3.11825	-3.17604
-1.66149	-14.698
-4.91934	-6.94414
-6.77599	-0.807604
-3.68043	-15.5674
-13.069	-8.11932
-8.22375	-2.36619
0.636819	0.654644
2.85948	2.21154
-0.332411	0.682663
-0.734292	-1.50248
1.88296	-1.59468
-2.36933	-2.96261
-0.498309	-0.914912
0.776915	-24.8458
-25.1929	-8.89096
-4.83824	-7.89296
-9.26146	-0.120145
-10.1283	-13.0258
-4.1836	-1.18713
-2.4363	-1.23566
6.65441	7.25109
2.63532	1.95069
4.78922	-10.0904
-11.1089	-8.6916
-4.61333	9.58836
-0.816467	-8.00517
-1.68526	-1.98336
-8.03804	5.86749
2.95046	-0.48819
-1.78045	-0.531323
-3.23717	-1.49935
-4.05329	0.98673
-1.3216	0.69654
0.343822	-24.4601
-23.8389	-16.8439
-14.6069	6.85335
3.19505	-6.28079
-10.2405	-8.59957
-2.13745	-0.785968
1.83387	0.240298
-7.72867	-2.80094
-6.99653	-1.18044
1.01583	0.0703904
1.4781	2.32502
3.85887	4.76526
-2.57364	4.39116
7.70933	8.55688
7.56769	7.85354
1.57672	3.35795
3.5188	0.338978
-4.9053	-3.51212
-5.98453	-3.88909
-2.66502	-0.822239
-0.900099	-18.1657
-19.7013	7.3398
3.64128	-8.04741
-9.27754	-34.2238
-33.2577	-7.64612
-5.03317	-0.800084
-0.282369	-4.42605
-0.857627	-19.8789
-17.4386	-11.4481
-12.884	-6.06956
-4.06416	-12.97
-3.62778	-2.8629
1.0499	-8.1118
-5.62419	0.0707154
-1.86131	-3.9872
-4.69022	-4.26118
-4.13111	-7.01981
-9.70498	-3.16964
-3.59367	-5.15217
-5.00272	-1.91432
-2.84365	-7.39331
-7.29029	-20.6864
-18.7555	-16.5912
-5.30313	-3.80265
-12.618	-13.0276
-10.3023	-13.6196
-16.3257	-12.6203
-7.395	-8.22176
-5.87928	-10.4771
-7.45605	-4.71321
-4.53263	-0.683027
-4.8171	-1.49034
-11.6573	-9.48494
-15.0831	-3.92714
1.29055	-3.62056
-4.90229	-1.56223
-1.3625	-7.1354
-7.63036	-3.65967
-5.18064	-0.933925
-1.59027	-0.396298
0.186223	-12.1777
-13.7055	-15.087
-9.70995	-7.18934
-7.94207	-11.558
-20.1721	-11.4274
-5.29197	-5.9899
-11.6975	0.826198
6.47884	-7.42808
-8.03879	-20.4339
-17.8292	-9.10944
-10.0599	-5.93648
-3.13812	-0.967231
-2.8837	-5.08221
-5.47119	0.168072
-0.740538	-2.24636
-4.3769	0.416077
0.901204	-4.17068
-4.50342	-2.65088
-1.28107	-1.32721
-1.30633	-2.26874
-1.46454	-7.42393
-8.15771	-16.077
-14.9568	3.71102
3.95685	-17.0335
-17.8836	3.56904
2.19178	-34.6993
-35.7827	-17.8301
-18.7056	-12.688
-11.9411	-4.73432
-5.68212	4.55045
6.51887	-3.50331
-6.38157	-4.60869
-8.53558	-3.78985
-2.49226	2.985
2.647	1.76405
-0.490095	-4.38405
-3.90921	-3.10676
-1.34563	-2.80448
-3.09953	0.37315
0.36573	-5.02992
-4.91898	-6.7868
-5.50281	-11.674
-10.2475	-9.15035
-5.44093	-11.2939
-12.6329	-9.49862
-11.3328	-17.0487
-6.16904	-11.3462
-10.4204	-17.0121
-6.53409	-5.68334
-7.44218	-11.581
-16.4486	-7.40286
-1.94495	-1.91659
-3.45769	-9.1992
-11.2644	-6.04588
-7.93663	-3.22647
-1.71739	-5.60504
-3.19876	-3.92281
-4.42913	-4.70619
-5.35993	-2.18746
-1.90522	-3.11978
-2.79363	-12.5878
-7.54842	-26.767
-23.1726	-16.9734
-16.8848	-12.3473
-10.2196	-5.27189
-3.84586	-14.1968
-15.6193	-2.869
-1.02997	0.575636
-2.7061	-21.8178
-20.217	-10.0387
-10.9305	-6.22125
-4.81983	-3.74555
-4.24542	-3.30935
-3.47251	-0.537607
1.70985	0.0721445
-2.67041	1.42861
-0.227219	0.405068
-0.0369416	-1.0891
-1.09871	-0.174545
-0.323643	-2.55489
-2.86781	-5.68077
-5.64595	-26.163
-19.4258	6.73363
6.54093	-22.5641
-21.1193	-6.38738
-3.79687	-17.7027
-16.8172	-6.52108
-12.7871	-6.42744
-8.73923	-3.8761
-6.63543	-3.16641
-6.42215	2.47462
-8.32706	-8.31598
0.0289773	0.974594
-1.96549	2.28932
-0.50642	-4.53806
-8.43267	-0.710431
-2.09756	0.944553
0.778301	-0.449682
2.53623	1.4704
-0.73237	-2.00187
0.741148	-25.2443
-17.5278	-4.84922
-2.56822	-8.35261
0.77823	-34.1011
-33.3542	-13.5124
-15.8145	-7.39859
-6.3396	-7.4411
-4.70238	-5.06858
-9.21279	-3.00785
-5.23448	1.41523
3.54332	-18.7223
-12.8157	-1.84726
-5.44784	-5.47702
-1.19176	2.7205
1.25929	4.30783
7.17849	3.91014
1.61916	0.233299
-3.24065	3.39532
-0.0152141	1.13949
-2.74834	-2.23759
0.0424315	-21.1129
-21.3834	-16.45
-17.457	-1.19724
-5.11762	-10.901
-9.04089	-7.33117
-15.6701	0.514521
-7.17641	-8.02583
-12.8761	10.4716
10.2493	-17.5812
-16.6115	2.34233
3.15358	-8.80857
-8.60948	-5.79159
-5.65994	-0.121295
-1.19039	-4.01631
-4.1378	-0.807886
-3.32312	-0.58593
2.82217	-1.85955
2.63303	-4.44398
-4.90035	-0.988864
-1.68595	-0.476145
-0.972054	-19.7313
-23.4953	-14.4512
-13.5199	-8.28457
-8.7246	-14.1389
-14.7812	-8.37511
-8.79845	1.06527
-4.87731	-4.51753
3.04816	13.7658
3.22768	-7.2625
-11.89	-4.70007
-11.3938	-9.71547
-5.24734	-6.24569
-8.57457	-5.77781
-0.78199	-8.59136
-11.1588	1.0376
4.04829	-10.7113
-0.13754	-0.603864
1.94915	2.03631
-0.139706	-0.860384
-1.09019	-0.796911
-0.479171	-21.969
-22.9896	-18.6144
-18.6513	-0.0888267
-19.1297	-4.76968
2.25556	6.63544
3.34414	-4.17584
-2.72538	-7.64304
-5.34081	-2.49137
-15.9978	-8.04117
-19.1957	-5.26167
-3.59419	-4.62902
-4.83714	-8.19136
-3.13144	-5.35854
-4.66448	-2.34777
-1.96373	2.35546
-0.913035	-1.51111
-1.36242	-0.350882
0.434982	-1.84057
-3.3155	-1.21898
-4.82682	-1.15995
-1.8578	-17.2114
-20.5209	-18.388
-16.7061	-22.7218
-18.5665	-12.3468
-15.313	2.11982
-1.51935	-22.078
-8.78926	7.95733
-2.1823	9.76112
-1.28116	1.05188
-3.88084	-10.3883
1.90187	-9.69238
-8.43775	-8.23926
-1.90442	-3.92109
-4.05181	-4.98
-8.12136	3.5778
4.21879	-1.47398
-3.36498	0.697332
2.20782	-1.34692
-1.21485	-0.848112
-2.25136	1.1438
0.293247	-1.06798
-1.45944	-13.2003
-12.3813	-8.72746
-11.444	-15.107
-21.5356	-12.935
-16.3949	-7.07335
-2.42078	-4.32105
0.275847	0.875123
-12.7751	-11.4843
-7.82482	-21.3647
-20.5739	-15.1744
-1.68005	-5.08556
-3.92366	-6.27921
-3.52722	-1.17354
-0.125653	4.22332
0.341327	-1.30433
-1.10385	4.40508
2.5788	-2.59089
0.0767184	-2.76674
1.40806	-1.31269
1.31063	-23.6448
-23.9368	-24.2621
-23.548	-0.623214
-2.56338	-4.67323
-4.93432	-0.172547
-4.04854	-7.89073
3.44644	-3.64265
5.72881	-2.37689
-5.39949	-3.31137
-17.4667	-3.65539
1.15979	-9.5398
-2.45811	-7.8617
-13.16	-4.34796
-9.46663	-5.37526
0.00745368	-1.37869
-1.57166	-2.97624
-4.10322	0.887382
-0.0579145	-0.645374
-0.149822	-0.585221
-0.359468	-2.32482
-2.74824	-10.3649
-9.68755	-28.2573
-28.6215	-17.3871
-16.7239	-7.90667
-8.79294	-2.17058
-2.76799	-13.251
-12.1454	-3.6686
-0.918372	-3.48272
-6.60731	-24.9417
-25.0442	0.462553
0.197604	-4.14948
-5.01375	-3.91918
-4.5535	-4.05004
-5.38545	5.57084
1.19928	-1.5993
2.15384	-5.62166
-6.41806	-3.41796
-6.21763	-3.41379
-2.50968	-2.49579
-2.90204	-2.81637
-2.81022	-24.9708
-25.3629	-9.53022
-6.87254	-19.0049
-12.2926	-3.73206
-0.731271	-11.3988
-16.8768	-3.29608
-20.0026	-7.90489
3.79481	-12.8358
-7.79549	-8.62327
-1.12366	-10.2095
-12.0314	-4.57796
-1.40793	-18.1363
-15.3852	-7.66824
-3.20997	-1.12185
6.66139	-4.15233
-7.50821	-3.52988
-3.67965	-0.454518
-0.819206	-0.630094
-2.28967	-0.860294
-0.323536	-1.33735
-1.46764	-9.54398
-10.3699	-1.73643
-4.88519	-0.440968
3.9664	-13.8726
-17.6166	-24.1686
-21.4649	-15.779
-8.34692	2.91081
-0.272878	-7.47178
-10.636	1.67747
2.88931	-5.83919
-7.19374	-18.9341
-17.1882	0.510737
-3.83738	-16.8891
-17.0059	2.13462
3.89328	-3.29075
-5.40112	-1.45797
-1.49751	-2.671
-2.55367	-5.28757
-5.04841	-0.716708
-0.411637	-1.79348
-1.75313	-20.632
-19.7686	-9.28441
-15.9915	-3.60932
-5.20929	-30.6844
-21.8694	-19.9031
-16.4698	-16.8329
-17.0962	-3.21294
-4.0577	6.55189
2.72977	-10.6626
-7.24412	-13.0306
-4.31428	-18.1706
-16.9535	-16.7085
-15.1044	-2.88767
-7.93834	-7.03373
-7.9447	-0.588571
-6.43537	-6.71604
-4.20722	-2.35142
-2.78837	-2.911
-2.73841	-1.91919
-1.64932	-2.08979
-0.78251	-15.0632
-19.3201	-9.93612
-14.5799	-8.17246
-12.3477	-7.58478
-4.96611	-14.1594
-4.21308	-0.20506
-0.139783	-5.09057
6.15981	1.60671
1.0363	-5.69528
-17.4692	3.78173
-10.3154	-9.74976
-12.2506	-7.16757
-2.11952	-4.84377
-6.96923	4.12652
4.08267	-4.85838
-4.89033	0.380255
-0.17848	-2.96903
-4.013	0.787175
-2.21643	-1.66059
-2.66902	-1.45748
-1.48411	-2.51507
-1.63446	-10.3183
-8.37381	-3.09138
-0.349959	-19.267
-11.1763	-4.61244
-7.89892	-4.77354
-6.12403	-4.7212
-0.136585	1.95636
1.22148	-2.76897
-9.61035	-8.282
1.98649	9.78965
9.09042	-2.98142
-7.42484	-6.28474
-1.20367	-1.67393
-9.21819	-5.6762
-2.05432	-3.71456
1.21563	-1.35987
-1.83258	-2.1368
0.76175	-2.07398
-1.83694	-1.35379
-1.21717	-9.0691
-10.5402	-16.6784
-14.2298	0.562202
-1.36498	-18.1559
-19.6772	-20.9643
-11.7191	0.270328
3.25241	1.56011
-0.557602	-7.27355
-6.25148	-10.2228
-9.6048	-6.2952
-9.77548	-11.8117
-13.1072	1.75879
1.97858	-5.01315
-4.83336	4.38272
-0.764627	0.21111
-3.57961	-5.69833
-4.7862	-0.750621
-0.722491	-7.08361
-2.1043	-2.14435
-2.88402	-0.264604
-1.47641	-15.9505
-17.7498	-18.9761
-20.5441	-4.80073
-0.304501	-8.11372
-7.14694	-2.30585
-9.79967	5.78488
1.28917	-0.030881
-8.59507	0.0569556
5.50353	4.84502
4.52069	-3.0074
-9.09722	-4.00082
-1.15248	1.71021
-3.24027	-7.70946
0.567267	2.48103
-4.74135	5.01797
0.0321801	6.96978
-0.841132	-1.62647
1.6295	6.5359
-1.29181	-0.395767
3.69572	0.590178
3.36251	2.03599
6.17127	0.191974
-1.20456	-1.6472
-0.282637	-3.65365
-0.761046	0.529551
-3.41336	-0.560005
-0.444446	-10.3377
-8.02518	-22.1663
-26.4951	-7.78191
-12.9314	-14.9592
-13.2165	-11.9648
-10.9989	-6.02671
-2.01818	8.19251
9.78839	-10.0272
-5.17912	-13.1382
-10.4068	-0.138967
-3.83214	-15.1338
-11.6236	1.46949
3.11956	-13.9329
-15.5231	5.60572
4.54226	-11.8008
-12.2407	-2.56186
-6.50783	-0.362619
-1.04873	-3.45291
-3.45173	0.888026
-1.21726	-1.11075
-1.66961	-18.4147
-22.3764	-9.30497
-12.2945	9.46396
3.14841	-2.98012
-8.13755	-6.22643
-13.4433	-13.6379
-17.686	-14.9513
-12.8453	-1.48622
-1.73277	7.50691
-6.95032	-9.97584
-15.0777	0.387065
-5.86074	-3.71093
-9.76047	-6.23436
-10.9488	-1.36797
-2.55833	-0.902365
-5.05832	-7.14677
-1.38456	1.70525
-1.26436	1.14181
-0.613476	4.42292
3.97948	-2.74947
-2.7013	-33.0963
-34.842	-9.13986
-10.471	-15.4067
-11.9222	-10.2417
-16.1859	-12.634
-13.5716	0.378015
-3.07303	-6.64158
-11.9463	-5.16654
3.10758	-2.08315
-4.49972	-4.05501
-5.21163	-15.0881
-15.3657	-9.36741
-12.095	-2.03106
-2.50475	-1.60737
-0.654199	3.18664
1.74251	-7.77464
-8.38497	-4.4351
-4.41544	-4.74422
-5.60856	-2.68292
-3.14532	-1.57323
-1.93793	-8.2568
-7.95268	-26.4291
-26.3439	-13.5796
-15.8924	-10.4395
-12.1767	-22.9282
-24.364	-9.0923
-7.93728	1.71424
0.120902	-9.18696
-11.7034	-16.421
-19.3387	-6.16026
-10.2588	-12.6041
-11.4175	-5.53272
-3.83742	-17.0719
-14.2384	-1.76407
-5.71206	-7.92182
-7.00493	-4.87702
-4.42718	-2.78791
-3.95645	-3.10126
-5.47098	1.29003
0.156134	-2.06191
-2.10338	-28.9532
-31.3635	-6.51402
-9.81304	-16.1783
-8.59702	-6.34737
0.169283	-14.2664
-8.0479	0.261105
-2.43804	-0.116324
14.9962	21.2287
5.34767	5.08759
-4.49862	-6.69859
-18.2095	-8.7496
-3.5389	-14.9671
-11.8085	-2.88505
-1.52486	-1.87834
-0.764789	0.724162
2.00217	0.281049
1.85321	-4.0333
-5.94174	-5.22868
-3.9311	0.062523
1.07067	-3.34907
-3.15493	-8.35282
-7.70156	-8.55912
-7.37461	3.71519
4.49512	-30.0425
-29.8971	-1.36684
-1.07914	-23.5582
-21.5195	-15.6232
-13.2956	-9.84537
-0.878695	-26.1212
-13.0666	2.11599
-1.89563	-21.346
-22.3541	-2.16918
-2.38148	-6.71187
-8.93056	-2.7748
-0.950776	3.35904
-0.234407	-6.4573
-7.57162	-3.62553
-3.30338	-1.98782
-4.26171	-2.70299
-3.20961	-1.31864
0.184985	-11.0444
-11.5706	-8.23287
-11.7773	-3.0198
-9.21138	-14.7101
-6.71095	-10.2233
-17.6207	-4.70659
-4.98779	2.76016
7.48904	3.03828
-8.02281	-4.11382
0.723746	2.33826
-2.20579	-15.6866
-18.2139	-10.9742
-8.51914	-3.19867
-3.03689	-6.17079
-2.08853	2.24438
-0.259933	-4.67008
-4.2998	0.440983
1.00428	-1.89109
-1.76432	-1.63718
-0.779714	-1.68353
-0.643809	-9.48393
-12.8017	-15.2686
-18.6131	-3.57312
-5.65213	-14.0908
-20.6662	-10.8934
-8.8235	-11.6614
-8.23964	0.693151
7.16273	-14.3311
-16.0568	-5.71098
-4.62098	-2.85684
-1.67825	-18.6529
-16.2387	-11.8363
-9.01237	1.09814
3.16993	-0.910142
5.24143	3.30267
4.18942	-3.94099
-1.31965	-2.67557
-1.14084	-2.29403
-1.68489	-2.5112
-0.26123	-3.09794
-2.38216	-12.591
-14.3713	1.65542
1.9336	-15.2383
-12.0653	-22.8503
-24.1264	-9.86703
-15.1995	-9.93965
-15.9338	-10.3915
-10.4531	7.29619
7.54329	-19.1964
-18.8348	-0.971667
-2.26742	-14.4177
-13.0791	-5.29073
-7.60688	-8.21195
-9.90622	1.71066
-1.00002	6.92805
4.57126	2.41386
1.28325	0.558221
1.02489	-3.56975
-2.08154	-2.18564
-1.83005	-2.13973
-3.50492	-12.5471
-12.1336	-29.8672
-29.375	-5.61487
-6.78051	-10.6168
-16.5178	-1.77107
-5.74594	-27.7582
-29.862	-17.7783
-16.9038	12.9607
7.12472	-12.5678
-19.5306	-9.3609
-6.65237	-9.50373
-3.11986	-5.69135
-2.01722	-6.59373
6.56359	0.288033
10.3751	5.73985
7.7789	-2.6649
-5.12891	-1.92291
-1.99762	-1.30761
-1.99286	-1.91073
-1.31775	-0.923856
-0.971187	-19.4439
-14.1329	-11.5434
-9.87459	-6.28634
-8.24175	-25.5322
-24.8497	-19.0711
-20.3694	-7.81289
-5.31807	-9.38757
-4.25839	-7.5986
0.559701	-8.99734
-5.03665	-6.91737
-3.49474	0.740628
6.03696	-9.35079
-18.5548	-5.44329
-6.29388	-7.26049
-5.76066	-7.04683
-4.67908	-7.60441
-7.92883	-1.27169
-2.73288	0.480888
-0.430866	-4.15176
-1.53386	-3.05792
-0.968924	-7.03653
-7.14781	-27.417
-28.3544	-12.6112
-9.42668	-13.2491
-12.9403	-8.78714
-10.0463	-7.51456
-9.66854	7.18099
9.6848	-2.72568
-1.41887	-6.71478
-5.99398	-3.73831
-6.1303	-5.9763
-5.72713	-2.39487
2.01927	-1.54962
-6.30113	3.54473
7.12035	3.12075
0.0920278	-3.60583
-3.17404	3.49932
-1.88478	-2.68732
-0.218363	1.37662
3.34852	-0.896278
1.09523	-12.1573
-10.1405	-21.2802
-25.8774	-17.2435
-12.7658	-13.5041
-15.0802	-3.39346
-1.84053	-20.0461
-25.3632	0.298956
1.14342	0.763643
2.87272	-7.80576
-5.09642	-2.37259
-1.80873	-21.465
-13.1741	-4.4346
-6.01682	-8.35729
3.44995	0.0810016
1.43008	1.31219
-1.88631	-2.71443
2.02354	-3.84608
-5.70158	3.36178
-1.30655	-0.670945
-1.95381	-3.71116
-3.93008	-1.41807
-2.03684	-14.6017
-13.9503	-5.34288
-4.17559	-22.2329
-20.5233	-3.00431
-3.53388	-14.1143
-14.0057	-7.86675
-12.8843	-1.05952
4.45983	-11.9991
-4.60798	-5.52432
-4.46068	-7.02728
-11.2105	-4.74725
0.313012	-1.68969
-0.665078	-4.00305
-4.2957	4.325
5.25388	-1.90782
-0.195737	-2.09822
-1.22138	-0.161228
0.656471	-2.01627
-1.16549	0.0755317
-0.272802	-14.6315
-15.1052	-17.9645
-18.4971	-1.41055
-1.89003	-25.9592
-26.8496	-7.38433
-0.26941	-2.21864
1.49037	-6.99035
-7.94693	-0.7147
-2.8348	-12.5853
-9.31383	-0.82206
-4.2537	-14.622
-15.8291	2.43415
3.05309	-6.1487
-3.69496	-3.24112
3.1183	-1.63538
2.64806	-2.11225
0.639675	-2.9986
-5.41861	-0.112827
-2.50178	-0.18027
-0.225071	-0.124674
0.363328	-31.5156
-30.4421	-8.87182
-7.40375	-11.6394
-9.72826	-6.14409
-4.86235	-9.25309
-12.0876	1.13685
2.79887	-5.62656
1.00832	0.870688
1.5256	0.472362
5.72241	-8.01052
3.58159	2.47214
0.367757	8.34096
4.48745	-5.5558
-14.325	1.59753
-0.751723	-4.50863
-10.6238	4.74488
7.10233	-3.1933
-0.461061	-7.17118
-4.72628	-5.00149
-3.1245	-2.87679
-2.7535	-4.25012
-4.98534	-1.74249
-2.30411	-3.37434
-1.95728	-5.81326
-5.65252	-13.8715
-14.0844	6.95153
8.84816	-19.2087
-15.5458	-17.6964
-9.30833	-9.9271
-6.05741	-5.82377
-7.67078	-3.86638
-3.77848	-17.9777
-17.3814	-13.5766
-14.9046	1.73206
0.505281	-6.25848
-5.42712	-3.32856
-3.80591	-0.224007
-2.0545	-1.08792
-0.652537	-2.46936
-2.44301	-6.66021
-7.12871	-4.03361
-3.0458	-2.02701
-2.55856	-3.47717
-2.20514	-17.775
-23.0816	-8.46084
-8.46165	5.64235
6.76918	-4.57125
-4.29174	2.94966
5.83047	-3.12176
-10.5042	9.03036
6.73088	-11.0864
-10.0517	-12.4405
-16.9824	1.73264
4.3644	-12.8338
-7.94866	4.57071
1.74821	-0.0978832
3.15849	-6.49712
-6.56009	0.456835
0.0481023	-4.66828
-5.76271	-2.33779
-1.99197	-4.89642
-4.96939	-2.68257
-2.20299	-2.22975
-2.15268	-11.6244
-4.184	-14.6495
-12.8406	0.820325
2.38661	-23.9076
-23.2704	-6.18613
-10.6905	-16.0696
-17.806	-17.596
-13.7899	-7.72469
-6.35241	-10.2388
-6.86678	-6.04798
-10.4782	1.88053
-1.67046	3.06561
8.38141	-1.55413
-6.81077	13.1417
6.69751	0.967828
1.33858	-1.72323
-7.82452	1.66623
4.23449	-1.02826
-1.72832	-0.642891
-1.29235	-1.00385
1.16038	-22.9414
-26.1311	-19.3525
-10.4379	5.28937
1.1103	-29.1
-29.7722	-20.9534
-15.9919	-18.8816
-15.5761	-10.6088
-9.0867	-5.01844
-6.30986	3.7772
-3.00138	-11.0934
0.0250618	-10.6334
-18.8465	-1.50257
-2.16927	0.306518
2.37777	-6.96964
-6.65953	-2.16188
-2.58413	-4.75666
-5.61671	0.630993
0.0526991	-2.19175
-3.20418	-3.06056
-2.4969	-1.15976
-2.47238	-10.2347
-9.32826	-19.4273
-15.3558	-12.9659
-6.43942	-14.5415
-5.97718	-10.8731
-8.3921	-8.51575
2.21096	6.43953
1.78842	-8.37429
-7.79695	-15.9971
0.922275	-3.03777
-7.84043	-4.34545
-6.48194	-8.42287
-9.14058	-2.11007
1.726	-8.82354
-8.19902	4.0108
1.31659	-3.97574
-3.57755	-1.19829
-0.755545	-1.67714
-1.3082	-1.36318
-2.05359	-1.01918
-0.196926	-13.0764
-14.7018	-20.4138
-22.1862	-9.79833
-6.77895	-14.7718
-17.8406	-8.91187
-6.48479	-2.505
-1.92138	0.300221
0.696946	-19.6415
-17.2196	-14.8174
-16.9662	-9.20784
-12.3041	-5.15363
-9.49093	-2.9293
-3.32263	-8.94041
-7.10381	5.38869
7.17426	3.52268
5.9171	1.81086
1.31795	1.07849
2.30846	-2.76988
-3.15683	0.758315
0.789169	-2.03168
-1.71925	-17.1328
-17.6369	-30.0863
-30.0504	-6.87214
-4.91322	-18.6065
-19.1511	-8.87327
-14.0753	-15.5217
-11.3249	1.23269
-2.54811	-9.98118
-10.3514	-21.4366
-5.29136	-3.7826
-5.50665	1.23539
6.93601	-2.2892
-3.8905	-4.72835
-18.3915	2.11458
1.40358	-8.19187
-11.3128	-3.13344
-0.46962	-4.49787
-5.63914	-2.13877
-0.865037	-3.99365
-3.81488	-2.42394
-2.83431	-6.92305
-4.91709	-5.84786
-7.76594	4.86388
4.62167	-16.0336
-13.9776	-18.3163
-16.1962	-15.5021
-14.9575	-3.62501
-5.787	-5.78279
-13.4039	-6.41328
-6.82866	-10.453
-2.56233	-10.6941
-20.6931	-7.29352
-5.79293	-3.08534
-0.106928	-3.61577
-1.06973	-1.27752
-2.34703	-2.90239
-3.40479	-0.224685
-4.90064	-1.03483
-1.05743	-1.80449
-2.16506	0.449689
0.304886	-14.9133
-15.5744	-17.5615
-19.7774	-2.23172
-5.44067	-14.1774
-12.2809	-7.43377
-9.08189	-3.65743
-7.23785	-6.78218
-1.85977	4.7874
6.41018	8.47901
3.06246	-6.81086
-7.02238	-14.9034
-14.4212	-11.8998
-4.5481	-6.86161
1.46053	-1.64685
6.26394	-1.35904
-1.22628	-0.399891
-0.0125725	-0.275563
1.06967	-0.996226
-0.702759	-2.52754
-1.11587	-3.16136
-3.144	-7.40093
-6.81333	-12.229
-11.3268	7.92127
9.0803	-24.2567
-15.5247	-8.68426
-14.7941	-16.6148
-6.06696	3.08584
2.98841	-5.29452
-8.33221	-19.7413
-20.9359	3.65279
4.08538	-13.8655
-14.6158	0.916557
-4.00296	0.0642441
0.0602461	-3.32783
0.239076	4.97355
1.76196	-7.44036
-3.0073	2.25591
0.24837	0.77417
0.158977	-2.64791
-1.42386	-1.35398
-2.38369	-9.99346
-7.82089	-20.9041
-17.2667	-14.2404
-12.1146	-9.71019
-5.47285	-20.2153
-16.3525	4.91307
5.86545	-11.583
-12.6203	0.535721
1.421	3.33194
-7.19546	3.37943
5.05081	-6.36004
-20.1544	-1.54875
3.08054	-3.97044
-19.4353	-1.26386
-7.64622	-2.52576
-4.48334	-7.59268
-6.14105	-2.88845
0.314206	-2.71193
-3.41776	-2.40063
-2.81171	-1.07213
-0.811042	-9.04543
-11.8016	-6.63757
-12.6986	5.85656
5.23621	-8.92073
-5.06411	-9.62335
-7.03801	-5.69466
-15.5857	6.61035
3.69107	-5.34726
-7.90498	-16.8583
-18.7544	-4.48563
-4.32105	-5.93179
-6.75712	-4.16593
-4.7672	-2.59158
-6.11926	0.947169
-0.824901	-4.58422
-4.3642	-0.395011
-0.702067	5.34842
4.62246	-4.0096
-5.07269	1.45195
1.11097	-1.29399
-2.48245	-5.25349
-9.72864	-19.2379
-10.959	4.71321
6.14905	-18.2395
-12.2859	-6.17073
-0.0708181	-16.901
-14.8961	-6.55092
-10.6339	4.54939
-0.150511	-7.20062
-4.39588	-4.05206
-3.42105	-8.48169
-9.64443	-3.44348
-5.21049	-7.13778
-6.15163	-4.62828
0.410777	1.27451
0.553815	1.49488
0.532066	-0.0834449
5.00611	-0.148056
3.29149	1.62628
2.71842	0.885336
0.725317	-22.5236
-24.3591	-17.7568
-17.5933	0.643309
1.34173	-2.43417
-3.2263	3.20004
-4.10503	2.11304
-0.928165	-0.532275
-8.5612	-0.556513
-3.43171	0.149111
2.87392	-0.230197
-2.14228	5.71197
6.41365	3.99946
7.63575	2.3421
-6.9208	2.64224
-7.05729	-0.21004
0.616752	-2.20968
-1.95725	-2.61965
-4.56949	-4.41454
-3.65984	-1.00165
-0.441129	-3.37509
-3.68964	-9.4587
-9.60301	-10.5954
-9.58386	-0.690789
-0.425829	-15.8225
-15.5724	3.21564
1.4848	-26.2475
-29.7977	-13.0138
-13.4973	-21.8968
-18.9042	-13.498
-9.66729	4.03599
4.19352	-13.3285
-13.2493	-12.4321
-3.5802	-0.160217
-3.10241	-6.84629
-2.67682	-2.6574
3.85346	-7.13916
-4.09024	-3.72532
-2.53344	-4.79142
-7.12976	2.16652
1.32429	-1.31207
-2.06892	-32.97
-31.6712	-16.199
-15.4356	-9.45304
-6.65522	-12.6235
-22.2257	-3.64315
-7.3232	-9.39159
-1.94028	-1.16672
-1.93905	-13.6953
-15.1586	-11.835
-9.86455	-7.76919
-10.1009	-13.5985
-9.98785	-2.95751
-8.87582	-4.1739
-6.61733	-6.8212
-7.02203	-0.751914
3.47256	-10.2596
-7.21557	-11.4936
-7.66024	-5.91216
-6.76351	-4.32499
-4.58955	-1.75411
-1.88857	-10.0238
-9.83823	-2.785
-6.47249	1.37307
0.28801	-10.637
-29.7333	-17.3891
-16.5825	-6.911
-3.69507	2.78896
2.12957	-18.2098
-13.023	-19.949
-16.7182	-2.83773
-5.65407	-6.78744
-4.90181	-6.78746
-5.87926	-1.56683
-0.817398	-3.15344
-2.95926	-0.262431
-0.59082	-5.76933
-5.18302	1.77622
2.42248	-0.637575
0.383572	-0.441147
0.381258	1.56273
0.435103	-12.6769
-12.1818	-25.2734
-28.1373	-21.9897
-13.3222	-6.64768
-10.6205	-7.41994
-5.21881	-8.26426
-10.0551	-1.48024
-0.951073	0.688083
3.38465	-1.96303
-1.63814	-0.00539194
-6.86214	-14.3244
-14.44	5.05844
1.69119	-9.90864
-6.57356	-7.19907
-6.06737	-2.16577
1.80242	3.76517
4.08777	-0.176424
0.00693675	0.116474
-1.35584	1.10044
0.271117	-1.88878
-0.952768	-9.06131
-10.0233	-13.3231
-15.4274	10.063
3.78885	-19.7319
-10.4031	-8.50004
-9.30918	-11.9532
-6.73307	-2.12123
-0.822896	-1.44517
-5.27039	-22.2136
-18.233	-4.70372
-0.531849	-9.39448
-9.78522	-7.6908
-8.34629	-6.28746
-5.5054	-0.450014
1.46328	4.48238
5.70916	1.78794
-2.14658	1.99643
6.38908	1.22069
-0.173849	1.53382
5.16211	2.77163
-0.123897	-27.0433
-19.1992	-6.40688
-12.7822	-1.52867
-2.86673	-22.795
-24.637	-19.3584
-17.5324	-9.61316
-12.3295	6.1811
6.49205	-3.7091
-5.08036	-19.2156
-21.4777	5.01759
3.73951	-15.2447
-14.3746	0.532762
0.369988	-4.95892
-3.90048	-0.947633
-1.71744	-1.80523
-2.00169	-2.58927
-4.65522	1.1643
-1.11533	-0.650303
-0.801128	-2.14451
-0.753108	-0.794418
-0.508388	-17.3147
-8.33725	-20.6813
-15.9816	-9.11074
-5.40368	-11.8253
-10.26	-10.3676
-6.01251	-23.8974
-23.8542	-6.51376
-4.89764	-0.399756
5.28907	-4.42578
-7.82011	-6.38791
-6.28559	-7.81401
-7.60016	-3.5149
-15.3498	-0.935546
-3.69779	-4.54568
-2.70624	4.20278
4.51712	-0.867051
-8.2848	0.20388
2.33412	-3.59939
-3.22089	-1.51284
-2.79009	0.379052
-0.731044	-16.1316
-14.7742	4.83285
1.24358	-6.76546
-6.24063	-26.1306
-26.5457	-8.40765
-7.99593	-5.19812
4.36785	-6.98759
-8.55856	-9.55299
-7.70241	-3.95348
-3.69501	-14.1423
-10.4526	-8.58098
-12.1215	1.88862
3.81958	-7.47647
-7.63477	-1.10678
-0.061307	-0.288747
-3.68394	-7.11377
-3.98995	-1.75399
-5.71781	-4.8098
-5.18878	0.353896
0.640016	0.0463409
-1.2281	-21.4939
-18.7156	-19.3278
-18.0583	2.57158
1.14811	-5.35153
-9.55242	-4.13906
-7.08025	3.70486
-0.519777	2.75578
0.977129	-5.25571
0.359117	-6.47036
-2.07525	-2.24131
-4.14032	-8.01386
-5.2543	-7.83214
-0.834948	-8.21848
-0.473738	-4.989
0.0257257	-1.22773
-6.80646	-7.5105
0.795603	2.74188
-2.86881	-3.89587
-0.560176	3.00165
6.53548	4.31461
7.01703	0.826391
-3.8713	-2.15185
-5.73965	-2.09924
-2.95286	0.361654
-1.91132	0.0748218
-1.44781	-15.3109
-10.5493	-8.07766
-5.36859	-3.8673
-4.82855	-13.8854
-8.64103	-19.0947
-8.52269	1.67124
-2.49861	-5.61329
-6.70162	-0.9782
-8.48607	6.69288
0.570562	-10.1903
-12.5756	-2.80081
-14.2888	-10.467
-14.9817	-4.45165
-2.66153	-7.65026
-6.35987	-4.36139
-7.32838	-3.49562
-0.690362	-6.72295
-6.22253	-6.76308
-7.23033	-1.43818
0.362478	-3.41768
-5.2959	-3.66862
-3.27557	-11.236
-12.6103	-3.56646
-4.689	-17.2439
-16.999	-12.2583
-13.9564	-16.1039
-11.9079	-9.59821
-10.4215	-18.1979
-14.6808	-5.26456
-8.30046	-7.58492
-10.143	-8.931
-15.9182	3.2959
-1.82715	-4.87739
-2.87706	-8.69508
-7.7917	-1.26726
-1.56455	-1.37297
-3.22093	-4.16554
-5.05615	-5.75334
-5.01943	-1.96177
-1.72787	-2.38671
-3.00339	-10.9695
-8.31406	-23.1677
-20.6957	-10.542
-6.43669	-9.51217
-15.6073	-17.0355
-19.3067	-12.9921
-4.47768	-2.00417
-9.59985	1.52355
-15.5728	-18.0631
-10.7814	-11.0685
-11.5392	-6.65682
-7.00959	-12.343
-10.2885	0.352179
-0.968536	-1.76687
-3.64282	3.63229
8.92057	-3.17389
-3.3978	-6.71683
-2.5573	-1.14814
-2.22258	-1.8677
-3.4145	-1.26065
-1.68895	-2.89197
-3.26994	-7.64029
-6.54981	-2.92284
-0.30886	-15.8743
-11.8212	-15.5894
-8.52203	-10.3849
0.240869	-3.07689
-19.4618	5.99123
11.9189	-15.6977
-10.5081	-10.8896
-7.56941	-11.1499
-17.6753	-2.81545
-1.57947	-5.07453
-0.535648	-7.0649
-9.7257	2.3211
3.66254	2.628
-0.265684	-1.71663
0.53451	1.0976
0.719228	-0.788961
-0.887112	-2.98167
-3.36538	-7.93504
-7.88097	-19.6641
-26.1042	2.3769
-1.3135	-16.1435
-15.575	-17.162
-13.2734	-0.384102
3.14517	-5.3507
-8.55726	-9.16801
-7.69069	-3.41327
-3.33796	-7.06712
-5.52674	-9.43701
-5.26936	-7.78595
-6.25145	-10.4396
-7.11167	1.2705
0.473944	-7.35919
-6.30302	2.01144
1.80437	-3.70318
-2.68276	-2.85633
-1.7662	0.181397
-0.868083	-2.58094
-2.57821	-17.4142
-15.7876	-13.4474
-17.3096	-4.6669
-3.81897	-27.722
-26.3585	-7.40876
-8.66589	0.717218
-3.50726	-2.86487
-9.37852	5.21808
5.03705	-10.1474
-8.4395	-3.85595
0.831921	-9.54762
-9.10253	-8.78833
-12.1999	0.758229
-3.84606	-5.91003
-9.47892	4.23384
4.63744	-5.61866
-6.88246	-4.55382
-4.73164	-0.657023
-1.76045	-3.08524
-2.78189	-1.87188
0.602726	-20.3021
-21.0199	-20.1598
-14.5535	1.67979
2.83733	-10.8149
-9.43049	-3.59462
-3.81146	-9.27824
-10.4233	0.735933
3.52899	-9.30053
-10.1808	-20.9871
-18.2716	-0.988163
-0.8431	-12.3479
-14.5814	-5.01741
-4.14808	-8.46178
2.3803	-1.08818
9.48236	6.10842
6.51999	2.28971
-0.8272	4.3983
4.8915	0.162531
-1.6267	-2.26547
0.578633	-0.631293
-0.27169	-27.5848
-31.7186	-10.9701
-6.91605	-4.88682
-7.52815	-12.8869
-14.1757	-2.7103
-4.37217	-4.44361
-3.78734	-2.15102
4.08731	4.88752
-6.30573	-7.51008
0.7379	-8.86545
-4.44738	-7.41272
-9.10139	-7.39535
-10.2715	2.41038
-1.45556	-8.09376
-7.47895	1.67843
1.00686	-5.44703
-5.74174	0.372637
1.65163	-1.48299
-3.09548	-0.84822
-0.606014	-0.362596
-0.490313	-31.3501
-34.552	-4.45381
-6.92114	-18.8211
-13.5599	-8.56062
-10.8626	-12.0139
-9.48692	10.9258
7.64779	-5.96023
-15.7974	1.08866
-2.08592	-1.66973
-2.49906	-5.36454
-5.74654	-6.07107
-4.2016	-8.18641
-7.89783	-8.75567
-5.53599	-5.37819
-4.80064	0.361849
0.460515	1.82846
3.06589	0.717572
-0.126146	-0.680891
-3.87648	-0.363931
-1.72176	-0.459646
1.32638	-5.3143
-5.52722	-4.00473
-3.85495	6.699
8.35997	-16.2957
-15.201	-13.0126
-19.0477	-7.22353
-20.3725	-0.0579715
4.40224	3.56213
1.32686	-17.322
-14.3481	9.74638
9.65137	-10.1527
-10.8548	-8.97636
-11.4882	-3.027
-0.0441095	-4.1455
-1.60949	-1.627
-0.725744	-5.49907
-2.01164	1.44935
1.72623	-0.793183
-3.39089	-2.8134
-2.59358	-0.756579
-1.32376	-7.5019
-9.05941	-15.5386
-16.5596	-7.50522
-1.03937	-7.41923
-10.6909	-8.17281
-3.12376	-1.20618
0.908449	-6.02862
-4.62466	5.78586
-3.42788	-1.55052
-3.55165	-2.33167
-0.689326	-1.6171
4.43981	-2.38901
-1.45742	-1.56308
2.88271	3.45467
3.79377	4.67394
2.75109	-0.148486
-2.61715	4.21479
4.46145	0.64624
-0.520566	2.7973
1.75225	-1.65585
-2.08059	-25.0992
-24.5193	-10.9692
-13.0858	-3.58158
-5.90672	-2.91338
-0.52839	-10.4533
-5.45939	-4.48298
-5.00453	-10.7195
-6.97981	-8.06918
-5.44662	-3.03438
-7.36536	-5.27531
1.14703	-10.2907
-0.450241	2.57248
-4.3776	-9.53467
-5.0116	-2.07897
-1.12725	4.59878
-2.0535	-2.11469
0.205259	-8.59142
3.5425	2.27497
3.89633	10.2449
-3.79111	0.00568334
1.33662	7.94831
8.03892	7.50141
2.30783	-0.509852
-1.52098	-0.00302482
-0.835303	-2.72295
-2.83998	0.255912
1.2838	-0.0312411
0.6129	-22.0522
-24.0885	-21.7601
-21.6227	0.40842
-13.8849	-15.534
-11.9615	-6.12387
-17.4198	-10.066
-16.9402	-6.14832
-5.07902	15.5791
9.73557	17.989
0.520666	-4.69401
-9.65693	-2.30883
1.01097	-11.7769
-15.6961	-1.45674
-4.86654	-7.74936
-10.0662	-4.81893
-5.91905	-0.295149
-1.49072	-5.87781
-6.87794	-0.35179
-1.87544	3.2397
-0.4847	0.338643
0.120766	-15.4382
-16.7771	-13.6519
-12.9535	3.35739
5.50118	-11.0392
-7.99107	-8.92396
-2.16229	-10.0786
-4.13884	3.72095
-1.8362	-9.26902
-5.32903	-6.59098
-5.93322	-4.6711
-7.41572	-12.0758
-16.517	-2.76176
-0.657795	-5.58617
-7.52962	2.10253
1.212	-0.728267
-1.81267	-2.74976
-1.42957	-1.5753
-3.8094	-7.79853
-6.78976	-1.65304
-1.58897	-2.53107
-0.688212	-9.26969
-5.78829	-12.4567
-12.6473	-4.33026
-6.58684	-25.6406
-25.5657	-2.06203
-2.95657	-23.0862
-19.4428	-10.3894
-11.3292	-2.04425
3.33367	-6.68564
-0.820893	-10.8082
-9.34023	-21.2916
-16.5541	-5.64162
-7.69424	-0.319089
-4.28143	-2.66727
-2.11194	1.3791
0.941825	-3.23474
-2.38615	-2.87859
-3.50753	-4.27198
-2.61841	-1.10148
0.889229	-2.57373
-2.64379	-19.3137
-25.0298	-14.2435
-16.5135	-9.92494
-7.01899	-6.49439
-14.2913	-3.29287
-9.77894	5.28627
-0.280677	10.6481
-1.19003	-14.2141
-15.6638	-19.7445
-14.77	2.29414
-1.14843	-13.9387
-17.3442	0.00927676
-4.04986	-2.56677
-3.399	0.789936
-2.35514	1.93926
0.778737	-2.05797
3.04485	-4.4283
-2.41201	-1.60488
-3.73979	-2.75882
-1.63997	-2.7958
-0.733119	-6.52874
-7.09651	-15.4736
-14.3275	6.17809
10.6537	-27.3652
-27.3951	-10.9352
-9.16864	-25.0853
-16.2951	-9.22246
-9.44659	-10.7204
-6.47702	-2.58675
-2.8817	-13.4436
-15.7292	-7.11045
-4.72934	-5.1683
-11.0369	-18.1412
-15.0794	9.72172
14.3828	-0.52954
-0.942742	-0.715981
-2.40911	0.153662
-2.67465	-1.02245
-4.84824	-2.55823
-1.92113	1.71183
-0.306277	-23.8562
-25.7224	-1.15435
-8.78821	-0.139641
0.0113693	-4.70056
-4.97013	-24.7756
-21.1325	-2.83326
-11.1463	1.54018
2.30452	1.33677
5.85058	-20.9076
-20.5187	-3.69228
-7.07851	-6.60285
-5.85399	-4.4169
-4.46366	-7.15679
-8.13124	-3.90537
-2.96847	1.31501
0.578888	0.926426
-0.642631	-3.67592
-3.29268	-1.29898
-0.312352	-1.25811
-0.317531	-1.58316
-1.2756	-10.4469
-12.1833	-23.9216
-12.5446	-12.8914
-12.2477	-9.59455
3.33793	-11.8019
-21.0291	-2.14225
4.74028	-1.02063
4.56587	6.28456
1.08745	-4.94484
-11.4278	3.25664
-3.51411	-11.359
-5.20004	2.86962
-1.44678	2.81915
-10.5817	-4.11184
-0.797561	-5.38737
-2.7414	-1.45863
1.11294	-0.724902
-1.11561	-2.23681
-1.13763	-0.793615
0.670695	-1.32788
-0.935923	-7.59013
-6.893	-19.0904
-16.6041	10.6077
8.60321	-15.6328
-13.239	-12.9516
-14.9113	-24.2602
-22.0147	-11.7706
-2.78575	-3.57492
-4.5161	-7.97498
4.81786	-7.83887
-3.41874	-4.86364
-1.46155	-4.42066
-7.13794	3.57649
-1.81773	-7.3511
-10.3758	0.183633
-0.747066	-2.60133
-1.69175	-1.32307
-3.94473	-0.925317
-0.338861	-0.455001
0.702918	-1.60564
-0.95674	-15.0359
-14.8697	-19.5523
-17.7796	-0.0802655
-1.16913	-25.6267
-24.6943	-1.61853
-1.17221	3.3959
1.48317	-4.26099
-2.25475	-14.7986
-2.45592	-14.2045
-23.3111	0.08061
-0.237768	-3.63854
-0.858996	-15.9823
-21.6751	2.44215
-0.506099	0.0909854
2.36966	1.71884
-0.529455	2.5428
-2.10148	-0.377626
-0.5237	-0.328086
-0.473696	-2.06215
-2.52049	-0.863346
0.48744	-12.363
-11.492	2.68185
-1.31422	-4.28031
-3.63855	-14.8038
-9.07377	-12.3454
-15.7618	1.92428
-1.61134	-10.1778
-8.80289	3.09864
2.88411	4.61072
2.39723	-6.48382
-1.85135	-8.60264
-4.11435	6.2182
7.43067	-2.42292
-6.78495	-1.73931
5.38888	9.50701
3.02825	1.4473
1.446	3.39938
0.214071	-1.78068
-0.81274	-4.10309
-0.354295	-1.56882
0.0686074	-16.6591
-19.1348	-15.9237
-16.0314	-8.12712
-1.49174	-10.8295
-10.2045	-15.0694
-6.36928	-3.32033
-1.92214	-6.43124
-1.92859	-3.69766
-0.919198	-0.826171
1.21088	1.1563
4.09935	-5.69471
-1.59007	-5.06484
-6.31642	-4.27925
-0.714504	0.24864
-6.42098	-4.35068
-7.75676	-3.7211
3.13643	7.25979
0.921453	3.44538
-3.07013	0.531923
0.0464277	-4.37611
0.47623	-0.794694
2.2496	6.06
4.55184	0.20718
0.319316	-0.907615
-1.98419	6.50628
6.02509	-0.137067
-6.11528	0.653581
-0.427036	-1.79034
3.03999	-20.6866
-18.939	-0.0503402
-1.87855	2.23642
1.19735	-34.099
-33.4287	-13.512
-10.9933	-20.215
-14.3703	-10.7764
-10.0405	0.761123
-0.370544	3.12662
2.03034	1.97484
5.54259	-0.479354
1.92459	0.857224
3.01255	-3.04221
-3.92457	5.11936
0.268415	5.69419
-1.21905	-4.98772
-4.43635	-1.94274
3.74222	-0.365683
0.113877	-0.684677
-0.539963	-1.27734
-1.98823	-14.8054
-17.4346	-29.202
-28.5171	-4.61795
-4.69834	-13.7565
-11.5729	-7.12514
-7.96305	-6.08793
-8.61212	-2.12062
-1.73874	-17.6916
-17.9392	-13.1142
-14.5424	-2.81666
-2.84456	-12.4658
-15.434	1.39716
3.51876	-4.20667
-5.45778	-5.35827
-3.43762	-11.0822
-6.39885	-2.92842
-6.03913	-6.21738
-8.94114	-2.16158
0.358543	-3.97607
-1.63767	-1.12427
-2.14508	-5.31062
-6.50996	-14
-11.0643	-5.27721
-0.604194	-27.0973
-18.2251	-16.9733
-5.93755	-7.53918
0.292163	-9.07737
-2.15062	-4.0763
-3.54466	3.41487
1.21835	6.56689
-7.67735	-10.4191
-1.19989	1.60138
-4.25507	-0.504019
-6.81805	-7.71343
-3.8562	10.0519
0.32931	-4.81644
2.28565	2.21025
2.5244	1.63195
2.89566	1.72102
-2.82909	-1.32013
-0.846865	-22.7616
-24.4096	-18.1481
-17.3514	2.41938
-2.56986	-8.25415
-10.9196	-7.8761
-2.30672	-5.71253
-4.59791	-13.4924
-10.7485	-2.27978
-2.79704	-18.8046
-20.5072	-1.72015
1.57687	-10.2475
-12.5984	-7.50237
-3.03826	-7.22133
-9.97845	0.963244
-2.69276	3.19639
3.40006	-0.180029
-0.0608222	-6.30225
-6.11026	-5.41997
-3.38019	-0.490956
-0.331375	-2.51143
-1.76276	-6.21395
-6.71683	-14.5345
-16.7226	10.3396
11.9545	-22.5246
-21.3744	-7.08926
-10.875	-14.7278
-3.98628	2.97139
-3.9095	-10.138
-8.99107	-5.73584
-7.28254	-12.4363
-11.8068	-10.794
-11.8571	1.67007
0.962539	-8.63925
-8.64052	2.06817
1.33561	-2.19142
-2.25936	-4.47136
-5.59577	-3.62169
-4.96327	-6.44745
-6.49598	-2.74912
-2.75446	-2.45998
-1.17876	-8.19091
-10.2822	-10.861
-8.28211	-1.66493
-8.04161	-8.91368
-11.7976	-4.59033
-15.8342	-9.19561
-5.11528	-6.61899
-5.00393	10.2184
3.75768	0.475821
-4.58918	-8.33727
0.756018	2.0722
-11.211	6.88479
17.3122	-0.622347
-8.71568	-3.75747
2.86628	3.6293
4.68479	4.18596
0.15383	1.78764
3.30527	-0.182511
-0.346167	-3.01195
-0.0747581	-1.03425
-2.39963	-22.2154
-24.7318	-18.175
-11.0754	1.32253
4.3388	-31.3008
-10.0791	-4.28799
-9.13579	-12.6703
-7.49331	-8.78546
-4.25052	-8.17368
-4.27688	-13.5241
-13.0786	1.14301
-2.15765	-4.80517
-9.3946	-16.2964
-9.29013	-12.9682
-10.3796	1.5018
-5.83895	3.94242
-1.73114	-2.55072
-9.38324	1.04187
3.50148	-4.05526
-5.08098	-0.570908
-0.634997	-0.517421
-0.846587	-17.194
-18.493	-2.17006
0.658063	-3.08314
0.0898256	-29.2344
-21.1076	-16.2474
-12.5609	-13.7776
-11.3809	-13.2877
-16.8417	-3.50518
-6.19081	-9.75343
-11.8054	-6.67026
-8.80655	-2.27198
-7.01697	-5.09636
-3.5334	-3.61435
-0.947784	3.65281
5.27172	-2.13336
-6.4967	-3.8721
-4.29627	-0.428066
-2.13869	-6.7834
-4.56902	1.46227
0.431361	-1.70276
-2.04207	-19.62
-19.4094	6.82967
6.42333	-4.20225
-4.28092	-28.7595
-26.8368	-10.1141
-9.70295	-18.5456
-17.9109	-7.06239
-5.83319	0.0261191
1.53677	0.232028
0.196073	-8.09309
-11.4278	-6.0242
-8.09687	-5.03826
-1.82507	-11.2314
-10.7375	4.16477
1.20519	-0.994589
-2.0044	-2.00913
-1.15635	0.270775
-1.19247	-1.3638
-1.82562	1.91758
0.856433	-1.06773
-1.15286	-10.599
-9.5101	-14.5423
-14.3141	4.30824
-5.03138	-10.3801
-9.03573	-3.06467
-2.86559	-0.209753
0.713567	-7.20841
-4.5009	6.77316
11.4291	0.577078
-2.49945	2.62167
-0.159175	-6.18377
-9.46169	-1.4919
-1.07564	-1.69519
3.19759	2.23584
0.929621	-1.21167
3.03658	7.23329
1.83123	-2.2578
-3.28585	1.75519
3.2002	1.29491
-2.75484	-2.10204
0.540575	-22.5323
-22.7149	-17.5345
-19.0173	2.2338
0.0587524	-3.28122
-7.23106	-4.41569
-3.79593	0.900068
1.17446	-9.58422
-9.452	-4.94979
-1.16432	-2.15771
-1.98613	1.27056
1.36075	2.99291
-1.44277	-1.59946
3.40024	-7.89111
2.95507	-5.42244
-5.08089	1.00217
-10.4306	-0.236855
-4.87883	-13.908
-12.8913	5.19417
4.19995	-8.34675
-8.41944	-0.964529
-1.33544	-4.69326
-4.53989	-0.74412
-1.22306	-1.3405
-0.97193	-17.7198
-18.1448	-10.3291
-12.5935	-9.90454
-8.99033	-32.6757
-32.66	-0.893222
-1.56606	-5.42208
-4.04259	-23.3838
-26.2404	1.04221
7.38678	-13.564
-16.2021	-9.01582
-3.68349	-11.2568
-13.186	-6.99764
-9.16521	-1.28436
-2.53263	-1.9428
-1.94348	5.31504
5.55109	-0.942413
0.783946	-3.69589
-3.95951	-3.13171
-2.81026	-1.90026
-1.00429	-0.999015
-2.05563	-11.7214
-13.5081	-27.9859
-27.5615	-2.52158
-3.00227	-18.2166
-16.8113	-7.52241
-9.20605	-3.15013
-3.15136	-2.83799
-3.94663	-8.89772
-7.38362	-24.3493
-19.1727	4.77121
4.49425	-11.8777
-11.4676	-11.3342
-13.5708	-4.78272
-6.33775	-0.33744
-0.099405	-1.33358
-2.7197	-5.37241
-1.2501	-2.28972
1.42994	-3.88997
0.117029	2.91713
0.768583	-2.3184
-1.25317	-28.3487
-24.8877	-15.224
-18.1332	1.25896
1.51796	-10.3165
-16.1401	-3.11809
-7.90962	-9.58671
-4.56254	3.53076
4.0627	-15.488
-14.7916	-19.1276
-19.3694	2.66501
0.187001	-6.40735
-5.84095	-1.94628
-4.1675	-3.73484
-2.51969	-6.21002
-8.38893	3.55885
2.53226	-2.66608
-8.61301	1.2685
0.379357	-3.65202
-0.174373	-0.808138
-1.31143	2.01201
0.828033	-20.0665
-12.5682	-23.4763
-26.6135	-15.7363
-13.8632	-14.3544
-15.7052	-10.982
-11.0959	-10.4446
-13.1924	6.93478
8.16002	-7.73983
-5.44656	-8.20346
-14.7442	-12.4977
-8.83805	-9.43521
-10.8765	-10.1481
1.15093	-0.362441
4.29519	2.22237
1.19694	-2.82127
-1.82253	-3.9438
-7.14698	-1.61656
-2.46737	-10.3239
-4.50423	1.60048
-2.95752	-1.48502
-0.928188	-9.80483
-10.2243	-17.3263
-17.6028	-8.08436
-4.41635	-22.5956
-26.0045	-11.1172
-12.1598	-24.422
-25.9565	8.13364
16.3293	-7.09873
-15.4199	-12.5242
-13.308	-9.54728
-5.2445	-5.75218
-5.89919	-2.28045
-2.22074	-8.17269
-5.04317	2.77691
-0.993641	-3.14625
3.20338	0.44911
-0.559227	-2.13799
-2.48965	-0.172966
1.25142	2.21463
2.0484	-3.90714
-1.83552	-5.64904
-10.7754	-11.8215
-15.1761	-7.42312
-11.782	-18.1998
-15.7282	-7.19276
-8.90187	-2.15117
-12.9502	1.18987
4.31927	1.52716
7.33852	-16.2408
-16.03	0.698609
1.60835	-10.8019
-10.0208	-0.612013
-0.431376	-9.39649
-4.79231	5.18838
1.12065	4.01367
-0.971577	-1.13069
-0.559243	5.27563
-1.31391	-2.30561
-1.74905	-0.304139
-0.907538	-0.573044
1.37369	-12.3397
-9.32524	-27.8129
-29.0781	-11.8944
-13.1699	-9.28623
-11.9533	-6.62988
-4.61711	-19.7665
-21.1868	8.69631
7.12927	-1.10282
-1.80718	-13.5034
-14.077	0.512334
-2.15031	-3.46593
-3.50066	-7.62094
-6.43792	-7.66447
-3.42518	-2.74478
-1.33165	-0.130972
3.91173	-6.30362
-6.46618	-3.0436
-0.361906	-2.56629
0.0355303	-0.202234
-0.312688	-1.57623
-1.99664	-15.7853
-16.239	4.66987
6.02993	-3.50485
-2.22796	-29.0758
-31.2526	-4.60289
-5.37249	-24.4783
-22.2135	-5.94915
-9.39273	1.75776
1.11976	-1.28434
-4.29702	-2.32184
-1.39261	-4.8102
-5.0597	-6.68841
-5.32658	-8.06746
-11.891	4.16329
-0.577349	0.605031
0.277284	-3.11063
-2.99033	1.86994
3.70095	-2.58603
-1.76613	-1.53159
-1.68813	-1.46739
-2.19988	-11.6041
-11.3173	-24.0324
-23.7607	-0.248691
-1.96241	2.47868
1.04973	5.49878
1.47281	5.84463
-5.0561	-3.30295
-3.79002	-6.77719
-4.85899	-0.336012
-7.29013	-4.58309
-10.0651	0.383614
1.39912	-6.25943
6.23673	-3.19506
-2.32761	-8.1214
-2.95232	-2.67241
-4.32746	-0.915007
-0.504331	1.48764
1.20532	6.74552
-0.243455	4.43802
6.33345	-0.431335
-4.34435	2.12778
-1.94933	-6.18831
-0.970298	0.533187
5.65762	-2.28209
-0.384741	1.04966
-3.64454	3.16781
-1.21691	4.75567
-3.83847	-2.01252
-0.274191	2.34305
-1.11792	2.33168
0.526322	-11.5002
-8.11702	-17.8239
-18.5743	-4.18996
-2.02937	-22.1601
-18.8493	-13.1036
-9.55886	-11.4257
-10.5556	8.20826
4.63796	-11.6525
-12.2185	-20.2642
-19.5721	-0.0583362
2.89837	-12.619
-8.20679	-2.0917
4.46924	-6.74072
-15.8229	-1.43772
-0.877718	-5.36239
-1.87217	-6.65775
-0.0505333	2.32073
4.90887	-1.54403
1.16514	3.16643
1.25356	-2.85546
-1.81553	-13.1729
-10.7841	-23.5327
-26.5936	-12.29
-13.4517	-16.308
-18.6355	-9.86992
-11.1874	-13.521
-14.9591	0.471724
-2.04979	0.0308323
-0.799281	-5.57013
-9.08057	-10.7548
-4.14061	-8.97041
-13.2705	-5.50399
-6.68013	-9.00426
-2.35866	-0.948452
6.96936	2.96663
-1.91159	-1.91314
-1.92206	-3.42232
-1.76069	-1.17174
-2.58433	-2.81866
-4.14386	-0.409834
-1.80944	-8.21755
-7.44928	-26.186
-24.7558	-7.12533
-4.66142	-15.6336
-15.2418	-17.226
-14.7103	-15.1839
-14.6388	-10.5595
-9.98688	4.53803
-4.76137	-17.7361
-19.6548	-9.83448
-9.80167	-3.60517
-3.79567	-4.64565
-5.67116	-4.44644
-6.19598	4.64626
3.90408	-0.897787
0.824762	-0.664941
1.15336	-1.42873
0.293921	0.138084
-0.629661	-1.15172
1.56897	-2.42772
-0.695196	-24.7904
-27.5155	-7.48965
-14.2405	-6.09338
-5.78012	-6.19919
-10.35	-13.5091
-12.0684	-4.53715
-13.2139	0.127841
5.07924	-4.28112
-1.58117	-8.75245
-6.41305	-9.02033
-8.05186	-7.23511
-5.74125	-7.13568
-9.83436	-4.38021
-4.21258	-0.00709731
-3.87655	3.61279
-4.43963	2.81917
1.18317	2.2318
0.880317	-0.474487
-2.65253	1.31537
-2.1242	0.204921
-0.946258	-22.3554
-22.8428	-19.6329
-23.0058	-12.3044
-0.328741	-22.583
-22.9844	-13.7537
-15.7435	-2.27808
1.11512	-3.43493
-6.91927	-2.84176
-0.274597	-4.72731
-1.91509	-0.986593
-1.92418	-14.1699
-14.6295	-0.621702
2.34791	-14.7663
-9.76463	0.193745
-3.54809	5.2442
11.6368	-5.50074
-1.42411	3.23149
0.846266	-0.232782
0.0646726	-0.64151
4.32601	-2.35473
-1.07445	-29.1846
-16.4899	-9.20538
-15.3336	-2.2629
-8.48204	-19.8617
-19.1855	-20.0651
-20.0441	-12.3513
-9.71606	6.38597
6.72305	-10.094
-8.58705	-17.3954
-21.1722	2.15066
0.610327	-12.9146
-8.70246	-6.82911
-7.20321	-1.21858
-2.37992	3.35332
7.14552	2.9463
5.0459	-4.58711
-1.39843	0.718353
3.99435	1.69027
0.901409	0.280769
-0.727388	0.721806
-2.18968	-10.4014
-10.0682	-19.4792
-18.5146	12.0686
3.10833	-24.6916
-26.7573	-6.08405
-9.09925	-4.10594
-1.10781	-4.22844
-4.60962	-15.3316
-10.0381	-6.39588
-6.55386	-13.4024
-12.7917	-9.73272
-8.96777	-0.865674
-3.44033	-2.45408
-0.918801	-6.79446
-3.85169	1.49547
-0.670657	1.6858
1.32284	-2.48509
-2.97361	2.40754
3.13057	0.307733
-0.381801	0.51635
0.0455091	-6.71994
-10.7001	-14.1587
-6.71807	-0.172136
-7.30611	-24.1802
-22.4978	8.37755
6.83086	-21.7821
-25.6701	-1.12335
-2.872	-3.60601
-10.0121	-9.78033
-10.7352	-8.67151
-9.23417	-5.80903
-6.23435	-8.83262
2.65427	-16.0423
-14.4604	4.58845
-3.85838	1.23463
10.6043	4.8965
0.690837	-0.804414
0.80071	2.49785
0.72032	-2.66685
-0.811548	1.72127
-1.58465	-31.5973
-32.8932	-10.3841
-11.7659	-15.6164
-11.34	-6.69024
-9.55904	-9.64796
-12.8281	-9.27919
0.669838	-0.877756
-7.15185	-1.89197
4.01646	5.72481
-6.38836	-2.29938
-2.60153	4.96044
-0.153142	-2.20888
5.72538	-3.40696
2.34587	1.78938
-3.01809	-1.31933
3.60809	-8.24379
3.71386	0.145559
0.279562	-2.24333
-5.38521	-15.1142
-18.2041	-6.41796
-5.77523	-15.8672
-20.8825	-8.22927
-9.10716	4.36308
2.16046	-23.9629
-26.0777	0.390877
-0.88172	-2.89752
-4.0441	-12.5206
-4.86554	-3.39611
3.32002	3.29747
-1.39429	-4.92131
-6.67368	-5.84203
-1.6813	-6.89153
-1.92387	-1.03667
-2.89064	-1.73257
-1.72447	-1.88434
-1.78777	-7.72495
-9.01387	-30.2128
-32.469	-6.54101
-7.13683	-18.7531
-16.3377	-8.84137
-9.81148	-12.8386
-21.3393	-6.42855
-4.0896	-1.28112
3.07466	-22.022
-24.1217	-7.2489
-8.51574	-13.4934
-15.0704	-1.40061
-2.35192	-2.62328
-1.3956	-3.60439
-3.56316	-0.0794529
-0.955709	0.410178
-0.876251	-3.64973
-3.64165	-1.99974
-1.79152	-2.48796
-1.50327	-3.7548
-3.78958	-6.72991
-5.95495	-18.5198
-18.065	-23.1965
-23.222	-10.7001
-11.8193	-12.3239
-15.5578	-25.4316
-27.8438	-2.4906
-0.968193	2.81319
2.32655	-7.46412
-10.0821	-9.08986
-10.6444	-11.6934
-10.7806	-1.60725
-2.25461	-9.29494
-8.63831	2.04245
2.35641	-8.55812
-7.14502	-3.64042
-2.58758	-5.12971
-6.46482	-3.97812
-3.72902	-1.84031
-2.5705	-2.26933
-2.73153	-9.95398
-8.85534	-13.6443
-11.9178	4.78318
3.95343	-24.1021
-24.0127	-9.91064
-7.14737	-21.5394
-21.5806	-5.0977
-10.0917	-10.1432
-10.2297	-7.31232
-10.5944	-13.3064
-14.5225	-8.67696
-14.0996	-5.69733
-8.59067	-4.48352
-4.37834	-2.05977
0.115185	3.10477
-5.18436	-6.14236
-5.20179	-4.26488
-2.63594	-0.294875
-0.603382	-2.38045
-1.32625	-1.17686
-1.82165	-8.82588
-8.00814	-30.8849
-27.939	-2.69595
5.48583	-24.7292
-22.1977	-12.1846
-14.3217	-29.7139
-31.2974	-6.03938
-9.55583	1.59862
1.18081	-24.1752
-18.3032	-6.4319
-3.96117	-9.83362
-10.3548	-4.12146
-3.55326	-1.71093
-0.456892	-4.43066
-2.57115	4.10274
4.8662	-4.61222
-3.20247	-0.952533
-1.58857	-4.35616
-3.72447	-3.36769
-2.94191	-0.71919
2.04424	-22.7206
-11.9316	-10.6478
-14.8576	-2.10376
-2.64893	-29.2354
-33.7907	-12.1224
-14.9882	-10.1806
-1.81565	-10.3698
-8.14719	-12.1697
-8.98236	-7.543
-10.6409	-19.53
-5.8236	-5.47642
-6.3067	-14.7952
-7.69866	-0.842276
-6.93386	5.0363
4.39524	3.11247
6.72599	-0.829037
0.232546	1.72611
-2.23649	-3.18615
-4.14076	-2.00374
-2.04489	-1.04578
-1.76366	-17.6583
-9.91506	-9.79252
-16.2146	3.39394
1.14959	-30.0275
-24.4288	-12.3584
-9.46291	-6.60693
-12.9735	2.06317
-1.27492	-2.78141
0.437633	-8.76008
-9.29166	-20.9319
-14.1459	-3.60422
-4.51566	-6.212
-0.647571	-2.99599
4.03215	-6.66873
-6.3453	0.973084
3.3127	-1.25367
2.44673	4.90813
-3.03577	-0.908438
-0.316497	-3.63071
1.42448	1.52532
1.89312	-21.0584
-23.9495	-19.0894
-20.2413	2.34086
0.511985	-5.26252
-1.04029	-4.05594
-11.8962	0.735304
-0.337357	15.1267
2.53023	1.60421
8.63455	-9.67975
-6.17011	-9.76692
-12.6182	0.42996
5.52411	-2.49431
3.67804	4.13007
3.58445	2.31189
1.6771	-3.01995
-6.50821	0.172762
2.49208	-0.323804
-0.448772	2.26478
-1.02468	2.09011
-2.33065	-1.59378
2.94581	-7.05857
-5.165	0.112839
-7.32875	-2.16016
4.99351	0.568661
6.09408	0.471651
-4.19712	-2.89624
-12.3918	-9.51256
-3.97056	-4.47798
-15.8961	-11.1858
-10.9681	-4.26636
-0.020434	-4.21604
-5.34387	-2.72631
-4.03347	-2.4451
-2.15346	-1.67717
-0.607697	-3.34682
-2.61623	-1.56168
-1.41583	-2.38451
-1.96437	-10.2862
-7.77552	-22.4685
-19.6951	-19.1695
-16.1937	-13.1876
-8.56796	-12.8104
-13.3786	-26.7888
-27.2789	-6.30554
-8.15541	7.36793
4.28293	-9.45293
-11.9607	-2.86188
-0.73095	-8.77879
-13.5308	-5.8665
-3.77702	-6.89231
-4.49842	-2.86692
-7.13862	1.05334
-0.518607	-7.97491
-8.0099	-0.131227
0.650472	-6.08558
-5.82617	-0.751369
-0.0397706	-1.09862
-1.115	-20.2633
-19.8213	-7.72302
-12.2965	-0.263804
4.15019	-34.1681
-31.8025	-17.0279
-19.4172	-21.7121
-20.9631	8.33264
2.84744	-1.88983
-1.83002	-24.5327
-27.0348	8.38307
10.2758	-13.7414
-14.4157	-5.64327
-7.85456	-2.7788
-5.74905	-2.75141
-1.51229	2.48188
-3.7074	-7.13898
-6.34131	-3.97773
-4.15631	-8.52298
-7.84774	-0.555774
-0.845115	-3.30524
-3.14406	-12.2291
-13.0751	-26.0743
-24.8747	-7.26246
-8.25933	-19.8378
-19.2373	-19.0608
-22.0086	3.50968
0.548938	-4.62784
3.25769	-17.868
-11.3044	-3.59932
0.950208	-5.95111
-8.26376	-23.9023
-8.17127	2.65065
-2.28215	0.766912
-0.635321	-5.90528
-1.78853	3.91853
1.14711	-1.24282
-3.7553	-3.19703
0.917496	-0.441601
-1.85744	-2.14197
-1.44593	0.8183
-1.88405	-6.9097
-6.41781	-15.3953
-14.7327	2.62273
1.38144	-21.6974
-21.5211	2.5275
-1.92835	-27.5843
-26.896	-22.9449
-15.8537	-2.10847
0.725091	-3.41083
-9.90613	-10.3948
-6.81617	-0.821332
-1.54493	2.53805
-8.97553	4.93022
-4.9224	-4.52881
-4.97282	-0.325245
0.0976332	-5.92235
-6.10875	0.0601634
2.4544	-3.0185
-3.69816	-1.33418
-1.61908	-1.30937
-0.014173	-22.4882
-25.7228	-13.6178
-17.8678	-15.3163
-9.9351	-7.77864
-10.5558	-1.34651
-3.04944	-11.4865
-14.896	4.84236
6.08669	-17.3382
-11.2065	-15.2565
-16.3954	4.25162
4.48957	-13.3512
-8.9431	-3.97001
-8.0624	0.43618
-7.90313	5.55955
6.44087	-4.48728
0.169395	-2.75403
2.30438	1.13655
-1.90738	-2.39784
0.424044	-0.49577
-0.911796	-0.319372
-1.56136	-20.057
-16.2765	-14.6973
-16.459	-2.51067
0.0694279	-34.1956
-30.4575	-14.9145
-15.9604	-2.80467
-11.9689	-7.04972
-5.80532	2.3168
5.67992	-21.5818
-17.8023	-1.63933
0.222365	-11.5323
-17.5112	-10.5475
-13.1177	-2.07333
-8.20948	4.20812
0.674791	-2.2187
-0.95483	-1.14507
-4.46135	6.45624
-1.23804	-2.72916
-3.31922	0.0811808
-1.7537	-2.30476
-0.586451	-28.188
-24.7014	-13.5854
-10.0264	3.99259
-3.63489	-12.1368
-20.3335	-15.0729
-13.4618	-13.9655
-14.1844	-9.27421
-10.8306	3.2729
0.687782	-17.5642
-14.4908	-12.9694
-11.6129	-1.10993
-1.2772	-6.17309
-0.0965417	-10.1967
-10.421	3.16
1.4267	-6.99504
-6.02654	-3.88674
3.6287	-0.685774
2.3763	-3.91689
-4.30315	-1.90967
-1.10533	-0.696672
-0.988585	-35.8326
-36.9806	-8.9613
-8.83111	-5.22132
3.9584	-14.1896
-13.2208	-16.4475
-15.5612	-4.76417
-5.39918	-1.71323
-2.96021	-16.941
-12.9738	-8.18467
-12.5017	-2.74899
-2.81356	-7.27311
-8.35068	-14.6834
-9.94073	-7.00294
-5.27159	-0.614927
2.5526	-2.56632
-4.131	3.17269
0.240168	0.956802
2.86494	-2.81741
-2.08761	0.559765
1.01414	-1.57628
-1.47762	-12.7253
-11.1033	-31.4094
-31.3781	-5.44653
-6.63405	-2.01663
-4.46602	-5.54368
-2.20414	-10.6851
-12.136	1.9049
8.17008	-11.7708
-8.14209	-12.0791
-16.7883	-1.48786
-8.14452	-3.2745
-10.5871	-5.74833
-5.60312	-5.62047
-3.8413	0.0258427
-1.13221	-1.24283
2.70297	-1.45306
-0.448127	-0.315847
2.53986	-1.98778
6.44123	-6.91368
-4.26679	-7.05089
-0.844939	1.93849
1.8011	-7.32524
-5.00619	-6.07849
-1.89466	-13.065
-20.7563	2.61504
3.83289	-14.0865
-16.4314	-7.54783
-5.41137	-1.86979
-5.88353	4.99217
3.77346	-1.45678
1.36557	-1.98019
-0.0218215	-3.04796
-4.20569	-5.03795
-4.06321	-2.48688
-3.50169	-2.27362
-2.37566	-11.2741
-11.1339	-32.4319
-28.9605	-9.02741
-10.0316	-13.2616
-19.5728	-10.3285
-14.9206	-25.2876
-28.0279	5.833
1.21443	-2.75728
2.31517	-14.3652
-14.7148	-3.61883
-5.84935	-3.2094
-9.01833	-4.06712
-0.498469	1.74899
-6.41847	-6.15292
-7.48451	1.81497
5.36414	-8.64303
-9.69431	-0.595461
-1.03873	-4.31661
-4.04281	-2.81974
-1.52714	-0.964603
-0.985316	-6.92788
-14.5393	-2.12143
-0.634449	-8.74297
-10.054	-0.938691
1.44676	-20.1744
-18.3903	3.54623
-1.87775	-1.74927
-2.42022	-8.42413
-13.0943	-3.3783
1.25948	-8.75752
-17.1241	-8.84025
-13.3361	-3.15662
-6.36864	-0.453703
-5.77362	-4.7115
-4.4901	-0.14831
-3.3413	-2.68603
-3.59569	-1.43379
-1.30581	-5.86791
-3.87148	-1.59304
-1.45143	-1.81125
-1.53535	-9.64801
-8.55932	-21.462
-21.3189	-6.92504
-4.81853	-19.1444
-19.6947	-3.88992
-8.90983	-19.6898
-16.3908	-7.90846
-0.871007	-3.74782
3.98332	-3.63927
-5.65164	-10.7077
-15.409	-9.70666
-14.3702	-6.07117
-10.2282	-11.2888
-4.35523	0.351762
-4.54026	-3.11089
1.11099	-4.99556
-3.8417	4.52017
1.53265	-3.4862
-3.58084	-1.65163
-1.19318	-0.99093
1.07635	-8.6792
-12.5576	-7.67542
-15.7951	-1.65634
-6.54734	-16.6365
-16.7038	-9.8961
-9.35486	7.10208
-2.82875	-3.36829
-9.81302	-3.11294
-1.59942	-5.04165
-6.05998	-4.96976
-6.85699	-16.7625
-16.9745	1.1175
2.06038	-8.61384
-7.50243	-6.40267
-7.98482	5.76611
9.48674	1.06927
-1.11787	-2.07156
-1.13782	-2.62697
-2.20567	-2.42298
-0.200928	-1.43393
-1.00105	-24.2392
-25.5245	-9.12354
-10.2166	-6.85376
-9.53101	-3.57061
-7.2571	-6.84259
-13.3798	-1.26771
-2.98878	-6.90823
-3.56219	-10.3047
-15.219	-6.01775
-6.83793	-3.33603
-8.78079	-7.30041
-4.1511	-14.9912
-13.4563	-1.87296
-0.0661763	-5.64931
-4.90812	1.52229
1.89913	-2.0281
-3.19038	-3.36927
-1.73749	-1.78176
-2.96842	-0.638771
-0.953307	-1.4148
-1.4481	-18.6325
-17.1833	-3.23806
-4.46981	-10.2833
4.28802	-27.5961
-26.0418	-0.949015
-1.86072	-19.8569
-18.6977	-13.3368
-12.8286	-7.95338
-8.13569	-13.3425
-16.3425	-7.61171
-11.6598	-3.75951
-10.8024	-0.506879
1.9312	1.39865
-3.13333	-3.59978
-8.96531	-5.03819
-0.68546	-3.00055
-4.72938	-3.12201
-3.18378	-2.57677
-2.02627	-1.35504
-2.76579	0.658249
0.0737093	-12.6555
-12.7751	-21.1984
-25.1055	0.617072
-1.77831	-23.5195
-18.9016	-9.42989
-7.68458	-16.6882
-17.2665	-5.79947
-6.94641	4.33104
4.24024	-7.94275
-7.77084	-14.9058
-11.9393	-4.78576
-5.74278	-6.89626
-7.32141	-0.569979
-1.35127	-4.76426
-1.9217	-1.86268
-3.33719	-0.729625
-0.218216	2.55151
2.50283	-2.05926
-1.54271	-0.576816
-0.403895	-2.46592
-1.5863	-8.61152
-8.30096	-13.1716
-6.83008	-7.50152
-12.1873	-17.7603
-18.4348	0.498796
-1.19848	-28.9199
-30.6209	-1.99812
-5.23237	-0.668992
-2.97935	-9.46765
-6.8433	-10.8699
-12.2839	-11.7496
-10.2847	-1.60781
0.0226422	-4.64052
-4.20712	0.00167062
0.512818	-6.45809
-7.13404	-1.82147
-4.75401	-2.71526
-2.52311	-2.20877
-1.13892	-3.61759
-2.14536	-2.35741
-2.21049	-14.8603
-15.9317	-25.933
-26.4313	-12.5308
-12.6198	-8.80756
-6.71909	-5.32594
-4.62524	-9.45143
-9.65146	-13.4746
-14.1219	6.01572
7.12427	-14.0975
-14.3185	1.27831
2.87514	-15.9531
-14.493	-4.56774
-4.82287	-9.63718
-8.38581	1.45619
1.86177	0.63648
2.7233	-1.62599
-2.09093	-0.453049
1.55486	-0.798793
-0.719279	0.0232714
1.33372	-4.08682
-2.21639	-17.9856
-19.5571	1.79724
-0.867018	-6.4461
-4.38869	-30.3553
-28.3481	-11.5035
-15.0323	0.259806
-0.0501324	-3.52763
0.932992	-11.1878
-11.5032	-9.25578
-4.83699	4.85135
-0.858924	-5.20264
-2.49628	-10.7195
-15.5709	1.28194
3.60168	1.48074
0.385671	-4.53951
4.00122	-4.91816
-4.29222	-1.814
-2.02482	-0.755792
2.16086	0.550642
-1.4621	-1.9645
-0.564425	-17.8812
-7.31146	-13.0355
-12.6304	-9.34749
-13.9234	-12.6068
-12.0705	-9.10808
-13.2584	-19.4566
-18.303	1.60227
-5.51735	1.03077
-7.29425	-0.361987
1.86623	-1.61765
-8.1799	-3.19418
0.52956	-9.09329
-8.29787	-1.34457
-2.60591	-5.14331
-4.84578	0.249333
0.717878	-3.18523
-3.33493	5.69065
4.49373	-2.08001
-1.89037	-0.144761
-0.583751	0.153181
0.533603	-12.5141
-10.9388	-13.3944
-10.3692	1.08759
2.04406	-21.0158
-21.1481	-11.4506
-5.31408	-1.93039
-4.28036	-6.72226
-7.54066	7.65384
-3.0818	7.90951
-8.10973	-10.0109
-2.83566	-15.4741
-8.82923	-7.33622
-9.63212	-7.58868
-2.08049	-2.42334
-7.49863	-4.36459
-1.19945	0.560053
-6.30366	3.86326
1.94077	-0.492051
3.51739	-0.920078
2.25594	0.539019
0.170199	-21.8451
-23.1291	-19.0626
-18.3745	0.0186527
2.70011	-9.33105
3.1778	-8.93689
-9.25872	-7.07859
-5.859	-11.0929
-12.323	-15.8674
-18.1719	-23.1404
-17.9354	-16.9641
-21.4426	-28.099
-9.64894	-7.87611
-9.65592	-11.6122
-17.4321	-8.55754
-6.60445	-6.65912
-1.33798	4.0471
-4.59019	-6.48663
1.41459	-1.56545
-2.0962	-3.85935
-2.13309	1.75357
-0.22016	-23.2324
-22.2379	-19.6189
-21.6224	1.67349
