DATA: 4384 x 21
Feature 0
0.864778	rho[0][20]
0.145365	rho[0][1]
0.135306	rho[0][19]
0.125935	rho[0][3]
-0.121762	rho[0][6]
-0.118775	rho[0][11]
0.117354	rho[0][17]
0.117338	rho[0][2]
-0.112152	rho[0][14]
0.103329	rho[0][18]
-0.0961676	rho[0][8]
-0.0923057	rho[0][12]
-0.0836355	rho[0][10]
-0.0783448	rho[0][9]
-0.0534364	rho[0][15]
-0.0460929	rho[0][5]
-0.0240553	rho[0][4]
-0.0236928	rho[0][7]
-0.0221938	rho[0][13]
-0.00345866	rho[0][16]

Feature 1
0.145365	rho[1][0]
0.137515	rho[1][4]
0.13678	rho[1][3]
0.134901	rho[1][20]
0.134669	rho[1][2]
0.123603	rho[1][18]
0.114096	rho[1][19]
-0.112606	rho[1][7]
-0.106665	rho[1][12]
-0.10641	rho[1][10]
-0.0921049	rho[1][15]
-0.0902205	rho[1][11]
-0.0883639	rho[1][9]
-0.0835255	rho[1][13]
-0.0383714	rho[1][6]
-0.0374667	rho[1][16]
-0.0261885	rho[1][14]
-0.0246365	rho[1][5]
-0.020631	rho[1][8]
-0.00561596	rho[1][17]

Feature 2
0.139674	rho[2][3]
0.134669	rho[2][1]
0.131916	rho[2][5]
0.122458	rho[2][19]
0.121709	rho[2][4]
0.117338	rho[2][0]
0.116811	rho[2][20]
-0.114135	rho[2][8]
-0.106931	rho[2][11]
-0.103676	rho[2][13]
-0.100214	rho[2][16]
-0.0929786	rho[2][10]
-0.0919515	rho[2][14]
-0.0864782	rho[2][12]
-0.0486497	rho[2][7]
-0.0350077	rho[2][17]
-0.0240879	rho[2][18]
-0.0146995	rho[2][15]
-0.0126033	rho[2][6]
-0.00823181	rho[2][9]

Feature 3
0.141223	rho[3][4]
0.139674	rho[3][2]
0.13678	rho[3][1]
0.132866	rho[3][6]
0.126443	rho[3][5]
0.125935	rho[3][0]
0.123465	rho[3][20]
-0.115743	rho[3][14]
-0.112995	rho[3][17]
-0.106678	rho[3][15]
-0.0995625	rho[3][12]
-0.0978896	rho[3][11]
-0.0958554	rho[3][13]
-0.0866223	rho[3][9]
-0.0448692	rho[3][18]
-0.0347104	rho[3][8]
-0.0292774	rho[3][16]
-0.0225756	rho[3][10]
-0.01666	rho[3][19]
-0.0068683	rho[3][7]

Feature 4
0.141223	rho[4][3]
0.137515	rho[4][1]
0.128867	rho[4][7]
0.127444	rho[4][5]
0.121709	rho[4][2]
0.118333	rho[4][6]
-0.115051	rho[4][18]
-0.112076	rho[4][13]
-0.0988085	rho[4][14]
-0.0941036	rho[4][12]
-0.0923982	rho[4][15]
-0.0821302	rho[4][10]
-0.0811972	rho[4][16]
-0.0442191	rho[4][9]
-0.039788	rho[4][11]
-0.0364621	rho[4][19]
-0.0290587	rho[4][17]
-0.0240553	rho[4][0]
-0.0109522	rho[4][20]
-0.00804473	rho[4][8]

Feature 5
0.131916	rho[5][2]
0.129936	rho[5][6]
0.127444	rho[5][4]
0.126443	rho[5][3]
0.123229	rho[5][8]
-0.121477	rho[5][19]
0.120525	rho[5][7]
-0.103656	rho[5][16]
-0.101018	rho[5][13]
-0.100993	rho[5][14]
-0.0996313	rho[5][17]
-0.0977729	rho[5][15]
-0.0840478	rho[5][11]
-0.0460929	rho[5][0]
-0.0365852	rho[5][18]
-0.0349206	rho[5][12]
-0.0348901	rho[5][10]
-0.0335257	rho[5][20]
-0.0246365	rho[5][1]
-0.0127256	rho[5][9]

Feature 6
0.143246	rho[6][7]
0.132866	rho[6][3]
0.129936	rho[6][5]
0.125781	rho[6][8]
0.12379	rho[6][9]
-0.121762	rho[6][0]
0.118333	rho[6][4]
-0.116499	rho[6][20]
-0.107323	rho[6][17]
-0.0938394	rho[6][15]
-0.0922872	rho[6][16]
-0.0914796	rho[6][18]
-0.0911618	rho[6][14]
-0.0887568	rho[6][12]
-0.051186	rho[6][11]
-0.0392878	rho[6][13]
-0.0383714	rho[6][1]
-0.0296423	rho[6][19]
-0.0126033	rho[6][2]
-0.00788927	rho[6][10]

Feature 7
0.146299	rho[7][8]
0.143246	rho[7][6]
0.128867	rho[7][4]
0.127605	rho[7][10]
0.120525	rho[7][5]
-0.112606	rho[7][1]
0.106375	rho[7][9]
-0.102265	rho[7][18]
-0.101056	rho[7][17]
-0.10093	rho[7][16]
-0.0995528	rho[7][19]
-0.0933899	rho[7][13]
-0.0784644	rho[7][15]
-0.0515793	rho[7][12]
-0.0486497	rho[7][2]
-0.0340568	rho[7][20]
-0.0330434	rho[7][14]
-0.0236928	rho[7][0]
-0.00874347	rho[7][11]
-0.0068683	rho[7][3]

Feature 8
0.146299	rho[8][7]
0.143179	rho[8][9]
0.125781	rho[8][6]
-0.123703	rho[8][17]
0.123229	rho[8][5]
0.119664	rho[8][11]
0.116295	rho[8][10]
-0.114135	rho[8][2]
-0.104042	rho[8][18]
-0.102217	rho[8][14]
-0.0987981	rho[8][19]
-0.0964401	rho[8][20]
-0.0961676	rho[8][0]
-0.0815444	rho[8][16]
-0.0515117	rho[8][13]
-0.0362262	rho[8][15]
-0.0347104	rho[8][3]
-0.020631	rho[8][1]
-0.00804473	rho[8][4]
0.00416092	rho[8][12]

Feature 9
0.151602	rho[9][10]
0.143179	rho[9][8]
0.124686	rho[9][11]
0.124134	rho[9][12]
0.12379	rho[9][6]
-0.113578	rho[9][18]
-0.108826	rho[9][15]
0.106375	rho[9][7]
-0.0883639	rho[9][1]
-0.0881439	rho[9][20]
-0.0866223	rho[9][3]
-0.0860145	rho[9][19]
-0.0783448	rho[9][0]
-0.0755456	rho[9][17]
-0.0451284	rho[9][14]
-0.0442191	rho[9][4]
-0.0229467	rho[9][16]
-0.0127256	rho[9][5]
-0.00823181	rho[9][2]
-0.00573218	rho[9][13]

Feature 10
0.159498	rho[10][11]
0.151602	rho[10][9]
0.127611	rho[10][13]
0.127605	rho[10][7]
-0.12034	rho[10][19]
0.116295	rho[10][8]
0.115747	rho[10][12]
-0.107434	rho[10][16]
-0.10641	rho[10][1]
-0.0929786	rho[10][2]
-0.0918268	rho[10][18]
-0.0914185	rho[10][20]
-0.0836355	rho[10][0]
-0.0821302	rho[10][4]
-0.0361061	rho[10][15]
-0.0348901	rho[10][5]
-0.0225756	rho[10][3]
-0.0165466	rho[10][17]
-0.00788927	rho[10][6]
-0.00418025	rho[10][14]

Feature 11
0.159498	rho[11][10]
0.152507	rho[11][12]
0.132428	rho[11][14]
0.124686	rho[11][9]
-0.120269	rho[11][20]
0.119664	rho[11][8]
-0.118775	rho[11][0]
0.11564	rho[11][13]
-0.106931	rho[11][2]
-0.101567	rho[11][17]
-0.0978896	rho[11][3]
-0.0938858	rho[11][19]
-0.0902205	rho[11][1]
-0.0840478	rho[11][5]
-0.051186	rho[11][6]
-0.039788	rho[11][4]
-0.0305114	rho[11][16]
-0.0289151	rho[11][18]
-0.00874347	rho[11][7]
-0.00749727	rho[11][15]

Feature 12
0.152507	rho[12][11]
0.151147	rho[12][13]
0.132897	rho[12][14]
0.124134	rho[12][9]
0.120181	rho[12][15]
0.115747	rho[12][10]
-0.10767	rho[12][18]
-0.106665	rho[12][1]
-0.0995625	rho[12][3]
-0.0941036	rho[12][4]
-0.0923057	rho[12][0]
-0.0887568	rho[12][6]
-0.0882599	rho[12][20]
-0.0864782	rho[12][2]
-0.0515793	rho[12][7]
-0.0419484	rho[12][17]
-0.0349206	rho[12][5]
-0.0321528	rho[12][19]
-0.0190136	rho[12][16]
0.00416092	rho[12][8]

Feature 13
0.151147	rho[13][12]
0.14621	rho[13][14]
0.127611	rho[13][10]
0.123133	rho[13][15]
0.120532	rho[13][16]
-0.119634	rho[13][19]
0.11564	rho[13][11]
-0.112076	rho[13][4]
-0.103676	rho[13][2]
-0.101018	rho[13][5]
-0.0958554	rho[13][3]
-0.0933899	rho[13][7]
-0.0835255	rho[13][1]
-0.0515117	rho[13][8]
-0.0419066	rho[13][18]
-0.0392878	rho[13][6]
-0.0295454	rho[13][20]
-0.0221938	rho[13][0]
-0.00682686	rho[13][17]
-0.00573218	rho[13][9]

Feature 14
0.167238	rho[14][15]
0.14621	rho[14][13]
0.132897	rho[14][12]
0.132428	rho[14][11]
0.127315	rho[14][16]
-0.116139	rho[14][20]
-0.115743	rho[14][3]
0.115054	rho[14][17]
-0.112152	rho[14][0]
-0.102217	rho[14][8]
-0.100993	rho[14][5]
-0.0988085	rho[14][4]
-0.0919515	rho[14][2]
-0.0911618	rho[14][6]
-0.0538804	rho[14][19]
-0.0451284	rho[14][9]
-0.0330434	rho[14][7]
-0.0261885	rho[14][1]
-0.00418025	rho[14][10]
0.00397291	rho[14][18]

Feature 15
0.167238	rho[15][14]
0.164327	rho[15][16]
0.123133	rho[15][13]
0.122363	rho[15][17]
0.120181	rho[15][12]
0.119369	rho[15][18]
-0.108826	rho[15][9]
-0.106678	rho[15][3]
-0.0977729	rho[15][5]
-0.0938394	rho[15][6]
-0.0923982	rho[15][4]
-0.0921049	rho[15][1]
-0.0784644	rho[15][7]
-0.0628351	rho[15][20]
-0.0534364	rho[15][0]
-0.0362262	rho[15][8]
-0.0361061	rho[15][10]
-0.0146995	rho[15][2]
-0.00749727	rho[15][11]
-0.00538485	rho[15][19]

Feature 16
0.166266	rho[16][17]
0.164327	rho[16][15]
0.127315	rho[16][14]
0.120532	rho[16][13]
0.114541	rho[16][19]
-0.107434	rho[16][10]
0.106322	rho[16][18]
-0.103656	rho[16][5]
-0.10093	rho[16][7]
-0.100214	rho[16][2]
-0.0922872	rho[16][6]
-0.0815444	rho[16][8]
-0.0811972	rho[16][4]
-0.0374667	rho[16][1]
-0.0305114	rho[16][11]
-0.0292774	rho[16][3]
-0.0229467	rho[16][9]
-0.0190136	rho[16][12]
-0.0115979	rho[16][20]
-0.00345866	rho[16][0]

Feature 17
0.166266	rho[17][16]
0.15192	rho[17][18]
-0.123703	rho[17][8]
0.122363	rho[17][15]
0.117354	rho[17][0]
0.115054	rho[17][14]
0.114428	rho[17][20]
0.11357	rho[17][19]
-0.112995	rho[17][3]
-0.107323	rho[17][6]
-0.101567	rho[17][11]
-0.101056	rho[17][7]
-0.0996313	rho[17][5]
-0.0755456	rho[17][9]
-0.0419484	rho[17][12]
-0.0350077	rho[17][2]
-0.0290587	rho[17][4]
-0.0165466	rho[17][10]
-0.00682686	rho[17][13]
-0.00561596	rho[17][1]

Feature 18
0.160348	rho[18][19]
0.15192	rho[18][17]
0.123603	rho[18][1]
0.119369	rho[18][15]
-0.115051	rho[18][4]
-0.113578	rho[18][9]
0.111432	rho[18][20]
-0.10767	rho[18][12]
0.106322	rho[18][16]
-0.104042	rho[18][8]
0.103329	rho[18][0]
-0.102265	rho[18][7]
-0.0918268	rho[18][10]
-0.0914796	rho[18][6]
-0.0448692	rho[18][3]
-0.0419066	rho[18][13]
-0.0365852	rho[18][5]
-0.0289151	rho[18][11]
-0.0240879	rho[18][2]
0.00397291	rho[18][14]

Feature 19
0.160348	rho[19][18]
0.14753	rho[19][20]
0.135306	rho[19][0]
0.122458	rho[19][2]
-0.121477	rho[19][5]
-0.12034	rho[19][10]
-0.119634	rho[19][13]
0.114541	rho[19][16]
0.114096	rho[19][1]
0.11357	rho[19][17]
-0.0995528	rho[19][7]
-0.0987981	rho[19][8]
-0.0938858	rho[19][11]
-0.0860145	rho[19][9]
-0.0538804	rho[19][14]
-0.0364621	rho[19][4]
-0.0321528	rho[19][12]
-0.0296423	rho[19][6]
-0.01666	rho[19][3]
-0.00538485	rho[19][15]

Feature 20
0.864778	rho[20][0]
0.14753	rho[20][19]
0.134901	rho[20][1]
0.123465	rho[20][3]
-0.120269	rho[20][11]
0.116811	rho[20][2]
-0.116499	rho[20][6]
-0.116139	rho[20][14]
0.114428	rho[20][17]
0.111432	rho[20][18]
-0.0964401	rho[20][8]
-0.0914185	rho[20][10]
-0.0882599	rho[20][12]
-0.0881439	rho[20][9]
-0.0628351	rho[20][15]
-0.0340568	rho[20][7]
-0.0335257	rho[20][5]
-0.0295454	rho[20][13]
-0.0115979	rho[20][16]
-0.0109522	rho[20][4]

